4000 8000
1868 997
2213 2838
3171 3436
1583 1708
3091 3741
375 2941
1813 1200
585 3120
2745 3608
3428 798
3614 1009
3492 3431
465 3574
2039 3227
2083 914
3586 1250
2640 556
1852 1392
3238 2889
1322 3160
2401 1215
3403 870
453 2776
36 1186
3235 3680
2865 1778
2434 1597
1934 3304
1408 1077
2171 286
3215 2730
3966 116
572 2646
3228 427
1205 1360
3254 2284
3695 3499
2275 645
2151 869
3453 403
3306 880
2164 435
2197 1877
214 196
3424 3982
1207 2469
3737 1592
2059 1378
1161 2616
476 2830
1007 3662
2462 3996
2764 548
521 309
3366 2076
3665 1122
2758 3401
3641 758
1259 544
2774 948
3049 3561
2097 1344
2515 3185
1697 1280
1617 2866
975 1743
475 1797
1 706
2901 2015
1511 3247
173 3349
1004 2516
3276 1719
2084 3847
159 1289
1332 2912
3139 1068
2149 1699
1900 3373
3966 3555
1698 956
1155 1888
1356 1360
3921 3649
2745 3691
582 2191
127 1310
901 2915
3787 2835
3735 3969
3783 1766
1378 119
3298 427
3304 83
3081 3474
521 2071
812 3769
970 3582
151 3440
3321 392
1168 500
2878 3461
2643 3874
3295 1475
221 1252
1104 875
1799 368
3810 756
71 2180
3023 3476
1328 2736
2146 3220
3746 2567
3266 111
2194 2702
563 199
330 3512
352 3683
3120 321
3244 3499
3491 1471
3217 1434
2586 443
2406 1047
106 834
2187 3112
2930 1527
2281 2629
180 3210
501 953
450 3816
1681 1616
2275 57
1475 3860
1494 2176
2648 529
357 3908
1410 2179
1424 2848
3233 57
1759 3210
1027 2953
13 1999
2144 3785
1184 520
3534 1460
1713 31
3838 2796
825 1824
801 191
2884 3454
3319 1863
1349 3147
760 172
1914 2201
2295 172
3772 3231
1026 3173
1909 579
51 1004
826 1870
1661 1114
393 1676
958 3221
3671 486
3340 2794
3517 3771
3992 739
3816 1195
185 1612
3411 980
1567 3534
879 2891
2757 2668
1412 335
117 759
2960 3894
2763 1960
1854 1690
2537 2010
1482 1628
1447 2550
3155 1526
730 2623
1912 900
3440 1811
3290 1759
2149 2359
1487 2157
2115 1080
3458 2098
1647 3822
625 3762
2584 768
2778 2439
613 3585
2917 2068
941 489
782 896
3557 952
2389 1156
3156 1588
209 2890
2640 2448
685 1906
2517 1672
913 954
180 3879
963 1294
2876 868
3820 3259
927 1446
1548 3441
50 2276
1943 1438
2934 3585
3286 1713
1253 243
343 3097
3020 2235
217 3405
1924 3664
690 3037
2871 1676
1492 76
1825 1134
1200 1600
951 1299
1023 1993
2876 3205
494 2514
1137 2224
3978 2921
2547 3751
3095 1845
2694 3338
3424 2745
3020 3663
961 1690
1428 2055
1042 543
865 1835
867 733
37 2894
483 1276
1 2707
1340 2340
3883 1358
2619 697
2888 2493
2084 3098
2401 3355
3501 1709
979 3823
630 3540
1255 2260
2924 1258
1340 3698
780 3178
436 3807
1941 840
1580 3067
978 396
1252 3134
803 2404
3221 2986
2554 54
2534 358
2679 2511
1955 2053
1824 3564
3567 2374
2743 2520
1989 1754
906 3876
559 946
228 763
477 2260
1403 670
1480 3936
3974 2893
3826 1151
1202 533
2618 3491
3376 639
3061 2598
2196 703
1914 1909
2942 3325
2166 2070
2176 162
1606 2025
1365 64
3446 999
2129 2837
134 3102
916 679
2951 3689
1305 746
2600 2814
1409 1823
504 1140
1670 3316
2187 1974
509 693
2322 3124
1736 2944
1977 3919
301 2026
1314 2030
1359 484
2806 914
2273 2201
3100 507
3492 2569
1369 3782
3858 3489
2943 2616
2318 3550
2562 624
1819 3576
3201 571
2734 1648
2580 3113
2628 3610
2371 72
2498 1231
1853 2736
1178 567
1508 611
2259 843
3262 3436
454 3520
2144 1365
1366 250
3044 1504
2533 1672
3942 1469
3233 3723
861 1455
3859 685
1810 3373
1190 1694
355 237
3805 3400
2534 88
3497 1365
3998 3127
3108 1156
3058 2063
1 2909
3876 469
355 738
1463 2907
627 3765
1867 2997
3428 1300
1974 39
1050 3235
3064 1527
40 4
3532 1517
3976 3692
3893 358
2472 3444
379 2252
2772 2466
495 535
1835 2978
2297 3027
3283 170
1142 2555
860 2657
3168 184
2746 1830
2821 1652
3063 1506
2342 2446
3526 1177
939 3664
939 3759
2490 1084
2204 3169
995 3436
110 3987
1486 2832
1475 1673
2492 2353
929 1138
1225 3734
973 2838
943 53
3315 1345
1096 835
397 2465
1895 3914
995 999
3126 3408
3041 758
929 1149
900 1594
1979 3520
2674 1477
422 1032
767 2381
2175 3996
1062 182
2904 265
424 3002
2013 3266
2312 3829
3131 3260
962 2596
2258 3616
2460 3625
3653 1290
2753 1727
1888 700
51 2662
3004 139
2697 2359
1855 2293
3061 3872
3590 2103
2523 3808
3563 890
323 2518
294 1455
3142 575
1299 2527
3145 1028
2515 1083
813 2079
3381 3915
2013 710
3572 1000
3127 3825
1150 2495
1510 3140
899 3411
3929 1901
19 293
3841 866
1908 1035
507 3951
3671 536
3339 3436
3471 225
3564 1249
2826 1699
1571 3227
867 2476
506 2591
79 1394
186 983
1575 2863
514 3144
3114 3132
3844 2807
3544 3189
3575 2902
85 627
767 1612
997 1360
475 130
296 2372
1490 1077
1285 3730
3056 2644
160 3109
2187 3886
519 2273
1043 3597
1928 2934
15 2156
3127 1181
840 837
3755 2525
1499 1065
2232 2885
1557 2278
2605 3109
2967 1117
2069 2543
2569 3460
2400 1255
3974 3781
1108 3808
161 185
1949 3061
2587 1743
3491 2823
1706 3578
1908 1791
2581 3663
1977 2882
3387 3686
2397 3219
2478 2073
1782 198
1220 2234
3279 3246
3541 3068
3127 1404
1991 236
3868 2412
2960 1040
2611 670
1031 2966
1945 2404
510 3048
3787 2794
341 2092
3965 3620
2046 710
3509 1085
1714 3110
618 1913
1739 2443
1562 798
276 3554
635 156
1734 2309
18 1906
2164 333
3709 2005
2729 2541
1892 2434
1452 3250
2524 2591
2209 666
874 3450
3787 2351
2306 1305
371 2439
2447 2427
338 3443
343 1114
3299 976
872 3831
2771 1607
3821 3872
3740 1699
325 1748
601 1960
2275 35
1186 3208
1416 1855
494 3088
1572 1330
509 3747
531 3093
3486 0
1177 92
814 434
2441 2205
1552 3329
772 1255
56 3598
3478 3207
3275 1595
3663 1639
3624 3819
2115 2794
1898 415
1421 1935
433 692
323 1424
910 2076
1574 3798
355 216
3758 1132
3643 2380
1652 284
3904 2468
963 2688
2809 2414
3520 1739
2569 277
1833 3324
642 488
2094 3065
2292 2929
1369 2539
3859 2833
1504 2702
534 2430
3232 3141
947 146
3034 3481
3467 474
2719 3237
2854 1369
1873 1335
978 3662
2548 1122
3935 3508
1657 1458
2716 2720
1292 1198
1437 3875
2874 1777
2338 2150
2212 3662
2768 1385
3749 1258
1770 1363
1414 1860
255 1086
2874 694
1022 2305
1200 2130
3684 1485
2251 2653
2554 3218
1203 1159
1453 430
2791 2711
1576 2540
3539 629
3576 1330
1784 265
3742 2481
518 1321
3602 2871
2976 1746
2919 2811
1193 1301
2856 2798
2164 162
1277 1726
3234 886
2979 1985
3403 1207
2587 773
2508 1278
82 3771
3036 2493
3917 1705
216 2643
2595 1395
884 543
782 1482
1340 1219
2102 3866
3953 3671
1274 3270
3652 1721
642 2955
1620 1526
1946 2677
3755 2982
3474 3248
2791 1543
1571 2784
20 466
1616 719
3666 1804
2135 2461
1573 2437
2770 843
1529 3461
1175 3314
388 3756
3539 705
479 1612
215 2510
1678 22
2169 99
1899 3635
3665 3297
2774 3054
313 2878
290 727
3021 1097
2806 2375
3350 474
3382 3531
1119 3308
2828 1432
200 1790
3568 95
3740 3696
3403 100
387 251
2537 1414
2002 3534
1062 1630
2386 872
2383 2484
2722 3268
2904 3083
3948 3750
2917 3551
3950 2681
1042 2796
101 3542
3103 1046
1560 1064
3793 469
3654 2655
974 398
3670 2610
2778 1956
3495 3871
3535 1133
2766 3723
2598 2997
3666 2938
2417 1899
369 3216
468 1674
580 1312
3126 3310
3041 1166
3082 2371
1037 921
3184 740
2531 850
3328 533
2208 1605
462 3129
1084 1083
1775 3059
1444 1239
1541 3000
1035 3914
1286 3784
506 3276
2040 2479
1255 928
3861 1549
2864 1521
1573 2668
3335 2250
3579 199
3317 2939
531 1145
3149 2647
3899 3973
2387 24
421 1071
1605 3519
3394 868
1908 2075
2569 2084
998 1857
3826 3686
3921 1672
2688 3284
2625 3918
3016 3745
233 1434
444 813
512 2832
764 3105
1666 3586
2638 2484
1698 3099
88 2044
3546 2252
3404 3339
2979 1979
3207 3068
2860 3280
1547 3150
3604 2116
849 1496
1728 3118
1502 1721
1973 3307
1304 833
2312 1425
592 2357
3959 2000
1861 718
3407 903
935 246
2271 2690
1186 3027
1366 3102
3674 103
1378 3200
2380 1081
1446 503
1761 989
1274 2878
200 1785
2871 3556
2588 1753
2339 2095
2136 1576
1400 1521
524 3299
2845 2538
3670 3687
2651 1919
3827 2595
2200 1434
3323 2284
3708 3461
2211 1415
127 3685
2523 2419
3761 1415
3492 738
1182 3438
910 416
690 3327
2214 3487
1888 2137
3236 117
2280 2421
3329 3888
1777 3125
3023 1311
2545 3863
105 3333
3739 2780
3982 3322
1830 1418
2706 3647
713 2932
1092 2665
295 542
1770 1712
3066 2966
3288 3303
1974 1739
2987 2269
609 3400
1130 3462
1414 2381
93 1996
3353 3750
68 1484
2631 2212
809 251
1918 942
3112 3245
1460 474
352 2799
301 2231
3919 1071
519 2890
2145 295
843 168
80 2705
2333 3715
3630 3557
3779 1586
34 3033
2020 520
1884 2968
272 904
197 2690
2078 2662
2302 2408
192 2369
855 208
2362 2416
3498 2404
3381 2517
3249 2207
1581 3041
3083 181
2491 2565
1619 659
2559 3871
2244 1065
2825 3134
676 1942
3557 928
497 1696
3328 191
2130 3767
3412 321
1321 800
2821 3301
2490 28
3679 3627
813 2296
2144 3051
2808 2270
2889 2657
3522 3318
58 1376
686 3099
3716 1277
2392 446
1990 2567
997 976
3801 2327
1072 2480
3251 744
2406 1209
726 428
1653 533
1261 1857
2520 27
2783 2948
610 3830
3591 1893
3905 2166
555 539
1405 1648
3008 2022
2954 262
1958 2347
481 1171
1192 3353
147 2255
343 2157
2064 291
3557 1591
1947 2424
3591 1020
2691 2924
139 2043
566 580
3541 67
1968 3523
267 1277
1536 840
2774 436
2711 1760
1534 1390
1400 1915
2711 2491
2208 2107
1547 3376
1624 3314
292 1653
1543 660
511 1489
1321 139
3775 3224
2676 2918
1881 3740
2922 536
1650 1495
2686 2767
2576 2514
2449 2097
2386 3434
493 1772
3599 476
607 2030
2581 1351
2192 1430
1428 3339
1573 545
986 3849
1692 94
434 1086
3519 1337
2295 2141
3772 17
3397 613
1675 3289
2127 565
2791 3903
2957 3710
821 1579
2267 3806
3482 2622
1383 136
3364 2396
3306 3181
1050 1259
126 1363
212 698
2710 2183
601 1639
260 1294
2406 1638
2828 785
124 3005
3175 769
2773 3300
2702 727
3930 3661
2078 218
2118 2933
1369 3511
2556 1294
890 272
3915 823
3616 2430
2113 3319
118 3174
3014 276
2098 1835
3319 2035
2714 3198
2191 1887
631 2351
2440 2229
1248 443
890 1766
509 2000
3069 1658
2310 3061
2715 3653
2627 535
1492 3980
3459 356
2626 183
17 1249
2350 2097
1193 2315
376 3266
3671 3759
1017 2291
3448 1002
3168 2977
2038 486
3800 2494
3892 661
2069 1243
2654 1922
1226 2313
468 2122
3404 176
3890 225
3425 116
1802 1559
493 838
833 3422
1762 2937
97 692
3077 3379
1228 425
166 125
1301 2047
51 1888
3266 389
612 1563
2533 272
2688 1271
3642 813
1455 3973
259 838
1949 2450
993 2707
1865 2483
1369 593
959 2575
1974 999
1744 1002
2198 2047
1989 2000
3257 1242
1297 3570
413 3581
2481 1467
2110 212
2098 3420
2894 2763
1577 1479
2135 2640
3273 1290
2474 3544
1354 2160
583 1352
3691 3203
1859 569
3421 3508
572 431
1779 916
941 152
2562 2965
1760 2071
1562 300
2173 2978
3586 3074
1309 2468
459 163
1991 3714
2365 2078
2913 424
3956 3054
3727 2120
3876 2399
560 3681
2253 265
1841 2181
2235 3044
3065 1178
73 3258
275 2079
164 3886
3203 127
3624 1963
1226 3822
1543 1403
3693 3707
2889 3475
3195 751
635 3927
3165 182
114 3687
2919 2615
1082 3173
2039 2526
2022 3260
3024 3554
3147 2056
3338 1887
962 960
2636 2891
151 1290
444 272
2013 2674
772 2155
2640 138
1084 2469
360 3593
2360 633
919 593
2139 570
249 2359
868 2431
1701 1434
2556 1411
2193 3939
26 2282
1762 1491
2821 2541
962 3720
2154 3728
7 727
592 3226
2982 2107
2517 1459
1542 3046
2048 1765
1788 3144
1366 2306
2932 2986
3844 720
730 1938
3263 1259
1227 2741
1737 875
428 1454
3253 2878
1804 1427
1025 1261
3445 1527
3721 3518
3172 1717
3270 1725
419 2418
392 89
51 933
2452 254
1253 1288
1335 2615
515 414
1217 3825
650 2485
3629 2519
1066 974
1903 721
1772 2441
994 2360
3264 2219
3965 3014
1385 1571
2499 835
602 2086
1173 3963
1070 2595
3047 1863
1981 991
3876 2038
2872 1302
1934 952
3691 3897
1964 2376
3502 1330
596 2347
1156 3738
937 590
480 2021
3514 1453
464 2442
1351 666
1827 2446
3161 3284
2325 373
3421 1440
1092 1682
2600 3052
3251 550
2854 3387
3170 402
3659 2646
243 477
1966 2923
207 23
1962 1337
1747 2520
1018 2398
1034 441
3622 474
1835 3863
1783 2082
1779 2238
3350 3182
2349 2646
2617 1364
3209 3304
866 3370
2689 1539
1411 2883
616 2248
3786 842
582 3927
3306 3821
413 3233
3252 255
645 177
2580 986
2584 2583
2934 569
1915 3715
3726 845
1431 2137
2080 2748
1576 363
229 3259
1105 3557
1001 704
2669 1579
3063 3525
1152 125
1815 881
3387 2802
1169 1629
1534 2746
2942 2502
1127 3586
894 3371
2138 3435
2303 132
1614 3224
2920 3718
3893 2061
1661 1230
2901 376
2903 1711
2368 2817
2777 3623
1279 2773
814 3146
2433 2347
3537 2305
3749 1322
3956 3087
1604 3349
2914 208
3632 624
2828 3701
1189 701
1508 2828
1800 264
2300 723
3053 704
2168 210
2547 1383
526 1670
3394 1813
2544 12
2156 1197
551 2143
1378 167
2819 1200
674 3775
2715 2010
496 3630
1316 3819
3644 356
791 2526
42 2613
1667 3616
398 1085
3661 2661
657 458
2951 665
1820 3739
878 3744
2016 3406
3893 79
1745 1517
3873 2754
803 1334
779 3929
2680 3274
943 499
3020 585
656 1024
3926 2780
2833 558
3820 1169
3691 2300
1770 1403
577 3115
3776 486
379 3943
1236 576
410 246
828 3382
630 569
3082 1595
103 160
334 399
1640 1883
3776 3824
3004 2247
3304 1653
2826 446
1251 267
95 1850
351 2342
1730 351
273 1161
179 244
2694 1353
2120 678
3391 900
2517 1773
1101 3752
3626 1391
3417 1079
3753 318
558 2017
549 77
1107 1959
494 2019
1724 2657
1569 1999
257 1671
1351 2800
379 2602
1456 3333
2467 3205
3898 2661
2317 2832
3648 2156
1734 1912
2184 3980
2846 2673
2219 1114
1924 2930
3157 3304
1744 3105
1754 1600
2698 3088
1649 1803
1656 3791
3901 1401
647 2513
2082 1430
3869 1422
515 2664
314 1434
1904 1217
1139 1745
2721 87
2113 1743
1883 1206
3063 1790
1952 1442
3575 907
599 2828
2670 2107
2380 1932
718 1190
2714 2224
3667 871
3640 2998
166 2719
328 3683
2526 2172
1910 3695
1759 3152
813 3112
3188 2152
3787 671
1204 1819
1890 3416
3938 3406
3546 1602
1801 3638
1158 3303
2533 2879
82 477
1062 748
3570 2137
3965 1662
3316 1911
2500 3077
1918 315
192 1507
1140 1987
482 3933
1368 990
2426 1556
96 3925
2981 964
1475 3896
1076 1018
103 1514
127 1825
1202 2705
362 232
2937 226
1220 2702
2563 2301
1604 966
728 1031
1952 3115
383 2849
3743 1754
3051 3516
1071 1438
3269 3453
623 3225
1770 3655
1855 3639
330 2377
1572 1694
814 68
3656 1161
2708 3669
1202 2429
1606 2043
1981 3649
3743 2055
2074 1230
428 1540
1491 2047
1764 3550
1836 443
1150 3423
3907 3903
1826 1656
896 307
58 1600
2460 1210
1021 2938
4 1047
1235 412
1398 3822
1261 3556
1867 3071
647 1791
543 834
728 2832
3270 2644
3754 1773
3869 3025
2924 75
2898 3299
1854 1325
3109 2105
91 3970
387 3261
1763 3110
1267 3285
2329 3762
444 3454
2817 2211
2581 3745
2748 544
2509 423
1847 606
1587 3770
977 3483
1012 2012
2271 390
2148 1471
3759 1751
307 500
1820 2196
1828 290
1175 2531
2311 2148
1274 2847
540 2681
1199 3247
1431 3415
3992 1271
2992 461
3278 3542
590 1056
829 76
107 2178
1921 1360
3479 1459
2763 359
1016 2283
1452 1794
1664 3295
52 3777
1770 3053
1641 3807
2901 2359
2448 2063
2787 638
628 3107
3335 3283
1373 1605
482 2925
938 2345
2395 813
2849 1731
2697 2035
2079 1435
528 3999
694 3314
3546 1640
532 370
2316 3832
1948 1951
2721 3371
932 2829
3194 3700
1446 3638
2310 3456
3875 3489
2705 654
1507 2655
3760 1302
2080 3765
2440 3280
30 3806
3801 1434
1373 3456
2850 3330
3091 429
2985 389
2940 1826
1383 1950
3703 3326
59 1839
1396 3596
90 2373
2340 2755
3438 3039
3178 1245
2516 2564
3621 791
211 2776
714 936
631 3754
3405 3894
762 366
3046 3806
1805 1022
2826 41
3476 1015
3388 3172
728 574
2337 38
1004 58
2873 2007
1264 1936
1291 218
2483 1521
112 18
3178 2544
1316 3562
410 2494
960 1040
0 2214
1741 1714
1828 3886
1089 2208
1236 1082
2922 1898
2826 3315
3779 2096
2371 3790
2241 199
2888 1626
509 3299
1821 791
1627 2606
2290 2588
3663 373
1656 2825
2566 1402
476 2486
2514 354
941 2147
2677 2637
3034 858
3023 1044
2099 2130
3885 3144
247 2426
3991 570
2715 561
1816 2842
2329 3957
608 3556
2773 2341
2448 160
691 3594
2617 3400
1454 2116
634 1337
3162 1284
2869 1539
3878 1208
3386 2026
3136 653
3019 849
2732 2613
433 2169
2944 2623
2151 3788
3601 3379
3732 99
1157 1858
3188 3627
2302 2678
2133 1731
3051 1439
3388 1302
375 1850
54 1038
135 717
2465 594
49 492
388 172
2267 795
277 2416
1024 461
122 2070
2142 1659
3261 1790
355 3577
3218 817
684 3207
855 3646
3717 2926
895 632
519 2660
2081 1915
3 278
47 3164
2366 3348
1102 3474
204 1124
3407 1727
547 1753
207 1262
570 1906
3194 3558
707 721
3724 1045
1918 1398
828 3146
1502 2143
865 939
1729 1912
2735 1696
2191 3699
775 2128
1279 3577
2884 3562
751 3514
124 3000
1316 2398
2118 425
3290 3250
2104 3213
2626 299
737 30
3052 430
267 2593
3777 248
3150 3511
621 64
402 427
3656 703
1693 493
1585 3498
1408 1725
2698 3103
2903 1287
2258 2025
2300 42
3079 3873
1943 312
2211 1735
3076 3387
1902 1402
3739 701
3910 3470
3091 1504
2725 2178
1119 3762
3199 3007
2701 113
33 2359
1285 927
841 167
888 3133
1614 1875
3580 3481
1500 3531
3550 3819
869 3343
751 3540
1010 1309
1049 661
1163 2820
3408 3681
3274 2372
1490 747
3743 523
2572 3994
1477 2161
503 3342
3335 3936
3797 2691
602 2705
1780 698
549 1314
3986 1829
1881 2926
3474 1704
1089 2753
289 772
2517 3782
1983 3920
3175 66
2554 3330
2697 1273
1552 1933
2520 2056
2496 555
782 3373
199 660
2534 1919
895 2464
3252 1714
2743 1023
1508 193
2096 3717
3111 143
906 585
656 1046
1770 3378
2515 1206
397 1556
214 3781
2734 3643
3682 359
3415 3071
206 2192
931 470
1620 3007
3783 1406
3943 3920
3438 2611
1815 3636
2417 1331
33 1059
2362 1394
1576 926
2335 2060
3928 1521
2530 897
1507 2424
2131 1775
188 3397
3285 3683
1 3715
880 3130
1223 3149
2916 2904
2892 3858
2162 1349
1449 1379
1374 16
3565 3485
2785 2630
539 1298
2743 3398
1962 1683
3204 3107
40 2572
3544 3158
630 1475
2370 639
1229 276
1075 243
2360 2335
2016 777
2759 1284
3881 3990
2824 770
929 1751
2342 2463
1392 3701
3519 288
581 153
2900 477
3383 3212
3740 3111
2059 2355
326 1166
1145 696
1105 3149
463 203
1961 3948
594 3229
2293 851
2914 2323
2408 441
2578 1696
653 3429
1037 3634
3061 1716
1152 1187
3128 3333
845 264
2408 1343
677 354
3992 738
1777 1379
3803 742
3731 1859
401 1494
3623 3062
3740 716
912 706
2979 54
1154 3333
3527 1022
3916 1318
2104 3737
2247 841
2324 677
2083 3468
1285 2997
882 1074
1867 3525
886 2909
2554 1643
3021 1527
1533 1724
1213 3915
1732 2756
1874 3438
3017 1257
3540 2796
1897 1325
3128 2980
1845 996
1697 2767
2960 716
314 851
3228 835
3674 1627
1998 3134
3672 3525
2496 3166
3171 449
3286 1409
702 2557
2103 1529
1743 3481
768 1087
3200 3159
1075 3894
2491 3342
1621 1364
1473 2237
2288 2954
394 2228
1348 1165
3536 3914
1348 3376
662 1363
2170 1098
3827 2003
2994 1702
3671 3931
2075 1139
2190 940
2641 104
2833 3539
2640 1704
2893 2805
857 1234
3839 1222
1650 1382
3698 220
463 3723
3956 1493
2640 2566
1106 2372
2235 3521
1351 979
2833 2172
2782 2218
372 1969
1908 1022
1902 1156
2876 501
667 2543
3829 57
1695 1169
2085 1848
1604 3613
1087 2777
483 1639
3747 2675
1209 1038
3610 2678
3631 3589
32 1822
3264 896
417 2032
191 750
452 1518
2683 1280
1260 2356
2447 94
3928 2867
2705 2179
1908 2228
564 434
3058 2306
856 2405
464 2274
1409 343
826 1831
279 3931
3952 3208
50 2014
1110 2066
577 569
3761 1796
891 3456
3078 382
300 1310
1168 1560
3747 1893
339 16
2148 3903
292 2336
502 0
1094 108
3965 1727
244 1834
51 2042
3973 2647
258 1246
2803 89
3076 3829
1247 3296
1606 1880
3563 3465
3801 1103
718 3570
826 962
1152 350
3709 1196
705 1126
2841 1641
3868 607
2747 904
3732 3864
1089 2563
3216 415
2049 2214
3976 2996
73 1153
106 1117
813 1618
2744 60
828 2115
1136 1046
1955 2306
3486 1475
3264 2313
3287 802
555 3878
3221 3209
620 2800
1773 2284
2182 3342
822 3352
994 2351
894 3083
2165 1124
1073 3160
355 226
186 767
3741 531
1482 3144
1043 1475
2881 1493
709 1648
3970 668
1449 1722
844 2862
3904 3962
1113 1922
2187 2298
2807 30
2 1085
1741 2842
2145 2651
730 2476
1776 346
1240 1676
3638 1748
287 1164
1533 3961
388 1059
3307 500
370 272
117 141
240 1549
3160 2996
2149 2726
2884 391
3033 3137
872 2182
1039 3953
1001 154
3005 1916
1865 2706
3726 1040
803 3743
3467 615
872 841
91 3710
2906 72
1601 2998
2956 3063
1852 1725
132 1920
1058 887
1010 1215
3484 2945
3487 712
308 3579
2546 1080
2232 3789
194 2112
683 1798
3592 747
2883 2132
3861 1265
209 3889
3829 2887
3563 2635
2789 171
557 1597
3098 1637
1554 2708
6 288
3621 2729
1048 1578
1088 1427
3676 617
186 171
3528 1571
171 2241
1815 2971
2292 2502
704 2161
1191 2699
315 3103
3868 2371
1525 2987
3279 3775
1513 3374
3911 2327
3810 1597
3477 3454
895 67
1226 732
2516 1002
1828 3353
2922 950
1464 2117
711 3449
3794 1746
1073 3738
708 3172
315 859
1730 2158
1728 2848
1487 1394
929 2083
1079 771
3965 2053
2180 3333
549 615
625 133
3577 3694
2090 2515
1475 2557
814 3861
371 3723
2290 3846
1718 1560
3966 1142
2263 3898
3881 2658
1203 2476
2267 2202
3869 432
180 2746
627 2194
2364 3645
3974 692
3609 28
2924 178
2261 960
3930 1339
2545 19
1902 3042
2425 2256
1098 1334
2992 1632
987 222
2546 759
1706 556
2789 3883
3982 1479
1933 1402
2926 3344
332 3147
2259 626
639 533
1132 427
1782 2105
1947 2359
3086 3425
301 1520
3472 1018
3324 2021
620 646
1107 287
1180 1800
2281 2702
3563 34
1475 1110
2718 2276
486 1287
2880 2235
80 614
1815 3144
3670 2198
3577 1418
937 2372
2877 179
1748 3556
3870 2925
2901 3943
1552 922
339 3918
1066 440
3597 3769
2188 146
1260 2934
3690 3480
2117 2335
1048 3978
2773 1629
1555 2351
3069 137
3482 2612
1421 156
1772 1055
3827 3925
413 1899
1154 606
3369 404
666 1084
3270 2313
2289 2146
3991 3054
672 3354
494 3748
2544 3428
73 594
3976 1711
2853 3996
3586 3793
2037 792
2617 411
1316 1220
2753 1208
2009 2541
3278 175
1322 239
1129 2695
1124 2488
1100 3640
662 2334
1846 3038
2108 1337
2722 840
2499 3289
3037 2262
2298 882
3872 125
1278 2183
3218 445
1418 3701
1773 3616
2972 41
2267 3112
1652 363
1709 3475
1990 204
3756 819
2825 1333
1833 2164
225 2093
3764 684
1154 1310
3893 2357
2598 1891
320 2827
2108 1422
1416 265
934 4
3546 2510
2975 3143
916 1259
2201 3819
3261 905
418 1938
1621 1231
2046 3385
56 86
1596 639
499 3791
2538 2430
3332 1842
2505 3422
1205 2546
3828 2404
2022 176
3479 3408
1366 701
782 1962
3571 3172
2862 553
3719 3343
2874 375
1048 414
2969 3707
3536 1972
3286 3302
2585 1129
1518 435
1326 1845
635 3999
1763 421
3480 692
1846 1891
2273 3038
1051 1217
13 3249
2881 1671
2437 67
3130 1856
2465 1506
1327 947
821 1549
2547 2825
2547 2908
3738 2335
398 3343
3426 2974
2569 3413
997 94
3524 977
801 1327
2497 1711
3127 3845
3563 1724
1327 3523
3412 68
598 1713
3963 2684
369 3399
2739 3093
2050 3241
1749 3342
1176 673
3300 1071
2971 401
2915 1333
1762 3487
2711 140
1495 520
1951 902
1101 1559
3407 949
2632 565
1024 156
84 1711
2858 615
561 1793
1838 2258
1262 1919
2890 3734
581 920
2768 783
2685 470
528 2159
336 525
2335 2657
1926 78
2577 3928
3332 3083
3530 615
2518 3715
2118 3808
1213 172
1178 436
2427 3463
3911 552
2783 2097
149 707
3213 223
308 251
3236 2982
3861 2443
480 594
2533 3765
102 2643
623 3136
2530 2706
1851 3711
2156 3659
707 1733
2812 3333
2760 2262
2106 3564
2016 158
33 2551
778 911
1412 3211
3311 1727
1712 2028
884 3537
3841 880
1320 125
1335 989
2764 2919
308 363
9 260
1770 3933
2818 1679
2743 330
513 461
3325 161
3243 1567
65 3360
2510 1049
2318 3311
1991 1453
2088 139
114 3686
222 678
402 3343
1699 1337
3091 3420
15 3229
2961 3889
2003 3518
1447 3119
2470 1172
780 3598
829 1266
2596 3125
2354 172
2570 1967
886 2088
2222 3040
2576 871
1488 802
1554 3201
3918 1176
3940 41
3605 981
3727 1046
2138 1618
469 926
985 2436
3893 2015
351 897
3382 2183
304 1906
2778 277
1326 2167
2036 1785
40 384
3290 442
2934 3735
3868 850
3281 2729
539 2522
1691 2347
3739 2981
3000 2574
3589 3858
2052 3180
1105 694
3084 16
2694 3613
1042 1720
423 806
871 3722
2243 1733
3331 94
1007 2384
2217 70
3773 1280
1709 3048
130 659
3601 417
2479 265
238 1195
682 2342
1607 1723
1076 3374
3528 3655
3416 1082
3048 596
3488 1777
3025 1442
2744 918
1666 1659
1375 2978
2627 305
1978 2677
257 670
155 1197
3488 1498
2760 2676
149 960
1398 1325
2631 1836
3517 3903
340 1183
2218 197
3821 2647
3190 2299
1214 3595
2431 1514
3523 1379
3539 1699
235 1442
342 3758
3438 1076
2774 671
3881 3235
3261 1342
3337 2573
2394 1615
3930 1002
645 364
1475 2950
3148 3218
970 578
2174 3075
1416 3352
931 1827
2890 1342
2605 2645
3905 3296
2427 1579
3240 3204
1751 808
137 2192
2358 1060
2215 391
3318 640
2002 2671
21 3551
3282 3372
3655 769
642 2147
702 1668
2766 3068
3076 3449
2235 164
76 3343
397 3012
3046 1691
2346 3769
3565 3177
1062 1833
384 1206
1737 2567
2560 3063
3651 1537
1793 2278
2735 3271
2065 1922
2155 2030
1472 2832
456 2063
3044 1849
3326 1010
3810 2045
2267 1830
2083 2746
3143 133
3892 1863
2782 2033
267 3596
3819 2178
2454 3644
2311 2623
2144 1279
3800 3870
1463 2246
1820 3515
1370 682
3666 3402
93 3296
923 2053
3567 147
3304 1922
2930 1459
2413 807
545 2003
775 745
813 1911
784 2219
1240 2320
2893 1891
3911 1250
781 3936
991 121
186 271
2955 3923
2641 2520
2624 1906
3950 2423
761 2661
910 2227
2330 3790
1697 1484
1156 1712
2380 732
947 2418
3485 3060
1646 3822
1135 2575
3437 2570
3431 2738
1725 248
3588 3245
1057 3150
628 551
14 288
2581 1876
3008 2590
2319 1770
253 10
2175 3575
1077 2043
362 3757
3861 2450
1447 1760
3913 579
287 1920
3059 2538
547 1523
2208 1099
3917 3975
1767 3629
1121 3055
917 3342
2156 2071
9 2290
820 272
3064 627
2563 3299
1472 467
2710 1679
1620 1284
3956 2359
2388 2111
221 2371
1021 1148
1091 2351
784 1163
2363 1341
2865 2102
206 727
1495 2977
3933 2649
3267 3056
3011 514
1854 214
1011 1581
3162 1250
664 3342
1802 3892
3015 640
2696 1380
613 2598
1638 1306
3663 1214
2487 1913
3855 1475
3440 2378
2812 1775
381 1712
261 503
3904 548
314 787
3507 101
252 1132
1582 2110
2445 695
1489 1694
1154 3870
3183 1545
2094 3041
1983 3259
1400 1709
3083 1115
443 2161
3813 1371
1025 375
1337 3657
785 3182
2585 3659
1373 2230
519 1366
3409 2074
3480 936
1253 445
3216 1310
3419 83
2880 46
2483 2435
3179 2660
2322 1506
1378 1427
2498 2342
35 1291
601 3104
1897 2492
1561 815
3292 2483
803 2920
1944 673
3243 2978
3319 2755
1670 1841
1490 3734
2050 1717
3209 152
1398 673
3029 3832
3638 385
3301 619
1619 3322
2917 2216
3745 2675
2523 2200
2954 1478
3764 2863
2197 2599
1666 2665
1958 2975
2953 3934
317 3158
3178 2678
810 2950
388 3728
256 2412
60 3652
2926 2703
71 108
3606 1314
3942 2920
1316 3493
676 975
2587 3308
2971 191
2699 806
618 1903
2707 3659
2599 458
1645 193
418 2155
289 1171
3145 375
241 1001
3300 2823
882 1597
1043 1818
2258 808
1983 2618
3501 2338
3985 1925
3988 1423
3492 827
465 466
1193 372
3856 3606
1568 1713
2455 2948
1133 2132
1583 3302
3226 3450
1270 3136
2170 3038
2579 3773
2648 2829
1133 1913
33 3039
2971 2381
159 2488
279 2049
1986 2369
2382 3770
2526 2867
3548 750
3772 1225
674 3775
1892 3355
3257 316
1763 2645
2042 3544
3497 2867
1450 863
2438 1099
2349 576
950 3816
3578 2541
869 732
3870 1829
535 1144
213 2869
1897 2137
494 1374
3332 1091
1737 3404
1715 3984
2373 394
54 2007
2386 2488
1895 3939
1959 3853
231 1722
1218 1189
236 2495
1650 3429
273 1776
2640 2167
2914 3180
2187 772
1865 2840
2558 797
3959 2593
470 843
502 1673
2113 875
3427 1649
1832 3113
3563 2134
281 3235
496 2870
1233 3884
1892 2878
3517 1013
1073 2007
3443 201
3236 1417
3510 3026
3528 3811
380 3834
1103 533
2857 956
3891 1309
499 554
2170 1566
3356 732
3630 529
2027 1487
621 1115
2405 1905
82 558
1357 2978
427 3686
1887 1176
1901 281
1783 2463
1463 1976
1910 3426
2141 1844
310 1397
3478 1459
205 3680
2544 552
532 3109
2461 3330
3641 3145
3142 3321
2494 2934
957 1286
1391 3346
2731 1557
315 3572
342 3313
3383 735
3946 2927
2097 1065
3033 3355
599 1714
1757 727
313 765
214 1395
93 1704
1558 2495
3833 1801
2581 1798
2638 2634
142 245
1172 1010
628 1717
2251 1684
2664 2550
1680 493
17 2606
2462 305
1447 2003
1596 1769
3411 3936
3477 294
858 2724
397 713
133 1453
827 193
2694 1912
2594 3382
2408 2591
478 1559
2789 1402
1241 3002
2577 3245
2288 3777
3297 1131
3779 2315
1977 419
190 130
3555 2570
1058 2045
2876 592
2458 3362
3818 909
2491 1737
2906 1879
2400 1469
3081 2268
1931 109
15 3968
260 1094
29 2236
3803 3788
1206 2822
784 1176
3078 1951
1613 1367
18 2471
672 614
307 1993
1011 1152
1918 2911
2725 614
2373 1658
3291 3771
2992 32
520 3984
515 3978
3209 1325
1186 3648
2162 3087
646 3056
3178 1875
1949 127
3449 3879
1569 1810
2441 2465
2619 252
2905 3854
510 2767
541 1856
2339 3428
2552 3216
1436 3155
3249 2351
3076 2543
1201 1362
2841 807
3403 3179
895 3092
3931 1114
52 1556
3814 2834
214 3354
1893 3405
1238 3178
3304 3515
2533 1808
481 716
1432 157
605 2531
1377 1705
2266 1315
2803 3433
2126 1284
3093 203
1487 698
3257 1367
1450 3801
3081 1051
3052 3537
772 1077
2456 3694
3779 2305
227 2660
491 1366
3904 1304
141 3115
1157 395
2841 3508
1967 226
3974 3104
2502 0
3918 3373
3034 709
3609 3312
995 3807
1998 2038
3036 3740
1189 3611
781 719
1907 1157
3555 1914
70 2314
2404 1648
3397 2665
1754 3437
3013 3557
1820 1288
2337 486
1462 1571
3188 2658
3073 1094
2283 136
2643 771
3422 3990
2903 2660
1227 1539
250 3349
1869 3816
263 43
3520 3185
362 3720
2932 3927
135 3479
3404 2146
436 982
185 655
3898 2746
3643 2670
3236 3790
1216 1138
2599 1395
3384 3680
3747 2653
2426 140
1264 736
1941 3372
1203 3253
1812 2523
1113 1228
1742 1556
657 3387
3031 3253
3598 2101
3017 3750
2501 1588
711 3691
3970 251
2901 2298
512 3333
3435 2440
1890 2842
1601 1170
597 823
362 2688
3056 850
1262 2727
702 408
2993 1111
2558 1301
1986 3032
3593 3341
1979 1112
2019 2527
2055 2375
91 2089
868 141
3100 1234
1519 2248
2295 1482
2204 2657
2448 2333
3768 3950
1437 3223
1338 3987
1505 3923
2807 2076
3467 2538
446 1612
2650 980
3570 3400
61 3922
2301 2047
379 1394
2322 3293
409 3041
2480 2242
1846 1262
1555 471
1841 2042
2379 1632
482 2804
1763 1571
3945 2622
1148 553
931 756
2951 1729
2504 3920
3240 1354
2055 235
43 3406
1964 3619
1194 83
2600 2223
1110 385
2498 3835
599 1486
3300 638
826 3692
813 3000
739 3535
2371 2729
1744 2548
1466 3163
528 144
196 3105
3138 3636
2853 2723
825 1433
1407 643
2093 809
2473 1367
2779 3782
3942 1776
3292 3030
343 972
3380 666
3811 1740
2696 2892
711 3380
1710 748
1848 492
105 3259
85 1778
655 479
2955 570
3587 686
1773 66
332 3573
644 1047
1429 3250
1372 135
2104 2201
2190 2983
1340 117
3486 2147
1269 552
595 2359
1606 1317
1946 3169
1193 2150
3633 1751
1743 2661
3396 3951
3992 1336
2499 3386
1172 3952
3842 2725
1613 1800
2645 1976
3118 3595
941 3578
1363 2073
3184 3242
1903 1565
1961 3123
3492 3718
1679 2681
854 380
1041 3601
1962 687
3532 3115
1971 3809
3215 2156
3452 2260
1269 3627
714 1878
1127 1685
2913 2087
1522 911
179 2799
599 1825
2894 542
3665 1322
3833 1851
363 1858
1029 1965
3623 1085
1167 1024
545 2737
2275 265
3869 748
1527 1733
611 1935
352 920
2322 1942
3910 3551
3566 960
96 1801
2542 448
3013 1394
2066 1216
3930 1807
1074 2589
899 3692
2670 2868
998 2397
132 208
680 694
2225 3849
719 344
2462 1539
3820 151
755 2596
2922 1407
1962 3249
2534 1527
1161 2952
3338 2289
242 773
2994 1357
987 770
2828 2708
946 2269
2502 3391
1277 718
1888 3157
1580 3065
2774 2947
3827 2977
1406 2747
2974 1426
2993 1028
1601 1341
1252 92
2914 3470
3213 694
2025 299
104 990
3579 3436
907 893
3003 1147
1615 1654
2316 2479
3297 2443
2367 3928
3800 2156
2783 1877
296 1940
582 1648
3802 1439
2714 1457
916 1259
1402 2781
1766 2506
2312 560
1009 746
3390 3165
3035 403
296 2215
954 964
868 1662
1908 3112
3057 2780
3091 2998
1399 3453
2674 1103
1685 2252
3444 1923
2691 2642
2919 564
424 725
3824 2730
2086 1137
2677 1929
2105 3794
2577 2493
2163 3836
989 3537
3011 894
1410 3656
2357 2657
951 3472
3305 2630
3565 288
3575 3502
588 2418
292 3060
3704 2420
1698 3627
876 3193
2023 1203
914 1803
1063 187
1376 3752
3660 3455
2974 725
708 3954
2369 3384
3035 3032
3893 2598
2362 3133
911 2463
3546 2280
1532 1325
954 2236
2302 52
2226 1302
3033 2804
1930 3919
2394 3864
3953 2074
2125 2274
1424 2443
870 3275
3974 3182
2615 1965
3588 846
3869 2829
922 486
1747 1229
1150 2907
882 1468
2597 1616
2138 2076
1383 1479
999 1589
2427 1386
355 868
3488 2334
2175 3647
2184 736
2124 3374
3663 3158
627 3775
1570 498
2080 2053
320 2259
3096 1467
938 3193
1979 3527
648 2274
743 3220
991 390
2136 3487
780 2178
3435 1147
380 2649
2078 652
2257 2384
2144 3943
1513 1722
1542 3223
3637 1726
3854 732
623 2420
3560 1556
2287 1643
496 3248
1674 3967
745 1651
3307 3554
2989 281
3169 488
1785 2291
395 3659
517 2451
1102 2119
1158 796
867 3338
56 1475
486 2929
421 2426
1401 3858
943 672
1792 949
293 12
1962 3814
1204 1625
2337 1106
3003 1005
737 731
2650 3655
2772 3689
2833 2510
2131 3047
2509 1394
1462 344
2126 1363
3482 3711
190 3293
1110 1467
2244 3442
791 3775
912 3028
3323 3275
3569 2089
3084 878
3679 576
946 2269
3390 2966
2600 161
434 2019
3477 2770
1219 1337
2631 3143
688 2912
1908 3124
784 655
1310 2798
997 2607
1198 249
2262 3010
1038 918
180 1723
2005 2965
2124 1785
2199 3950
2129 1620
3481 3596
864 98
1967 460
1146 3245
1029 3784
974 2231
45 1704
846 2973
3966 3811
1672 3762
3142 2742
2440 1845
897 683
2460 541
727 3368
811 133
285 764
3381 2674
3819 252
1819 3735
3909 2072
3781 2051
1431 1198
3056 1628
2611 3879
2560 1303
906 3750
1742 1674
1160 2391
2898 3680
3440 86
1192 1571
1066 956
3369 2059
2765 3375
3061 1362
3658 1456
979 2907
1529 1090
2339 2793
1838 394
978 2664
3146 2668
292 3219
1799 671
2329 3513
3934 1442
3897 1076
1369 1597
3338 2169
2915 1315
3032 1690
2183 2647
833 3955
239 3758
2790 2124
3666 949
1293 535
1405 2147
2648 3316
1904 3670
844 1221
1978 1695
2652 3462
1641 219
2138 3768
3754 535
2919 335
1253 293
872 1657
2818 2485
134 2245
219 3368
1709 2952
1281 1998
2542 1206
1920 46
628 3223
3631 3427
189 1067
3872 3775
3687 2056
3770 1134
185 2021
1722 721
2475 2533
3222 2424
454 1658
1034 678
3719 513
243 2928
3529 1250
1876 2021
1304 3297
2653 3360
450 1090
2722 3743
3865 1139
595 1971
3260 2754
793 1308
3710 3360
2502 675
2367 469
1411 1414
2479 1785
1767 1888
318 2969
2805 2639
620 3613
1729 1007
365 925
3979 1909
2688 248
2817 806
2389 1504
2008 2665
2623 3009
3404 850
564 1994
1194 2956
3841 706
397 2059
3813 3123
196 3832
47 2012
748 1095
1996 871
2163 2661
2799 3574
1797 3105
2850 266
1392 1413
2518 3956
3222 3389
3471 1469
328 184
515 2555
3596 3531
1368 337
2927 1558
1163 1402
1531 1643
540 1299
3568 1916
13 3794
943 2650
2809 1554
1061 2302
1643 2180
3289 3795
855 3749
1354 2220
3172 1905
2447 315
3597 2724
2549 696
3821 1314
1573 3744
2175 3950
401 1482
1452 626
3934 1785
3278 3820
432 1694
3665 1202
2659 2604
1088 2080
2480 869
547 2866
616 3123
2586 2658
669 2419
2725 3498
1941 1297
2715 167
1251 3001
2054 2334
1183 113
397 1061
3002 647
3195 564
3855 3943
3692 633
1412 745
2695 3680
1921 2926
1898 1956
1838 3676
2547 1454
3233 299
2934 3089
2023 3164
2100 3711
1959 2704
2163 442
3394 3365
3023 419
3220 282
495 3423
839 2419
1062 227
2505 2249
2486 1311
3389 2450
1301 3423
2472 2713
309 1611
2129 1466
3839 792
1494 2026
2159 3694
2903 2487
2791 2108
2152 946
2580 1021
2045 2083
189 981
3274 3516
836 3550
2367 1040
3444 903
3490 3160
1784 1921
1398 2280
2198 2411
3991 1430
584 606
1302 427
1117 1366
3985 1096
2542 3141
1782 2331
1980 2903
2104 23
2686 3063
841 720
18 489
3667 2622
1025 2557
1800 857
1347 2867
3917 1626
1606 3104
194 3601
275 1521
2251 163
376 649
1557 834
3768 3954
3705 1483
931 351
1792 2423
3516 1786
3477 2798
1591 550
497 3867
127 335
2437 3253
588 2253
1545 2134
1022 3710
1 655
556 2266
916 3154
3876 1355
270 1245
1544 226
2388 816
130 798
2390 447
2670 2949
18 1159
1183 1454
3109 1724
2464 2975
1491 3382
3116 1026
2629 1484
1938 3495
1277 432
3048 1026
257 131
3216 1244
1061 3893
685 3802
1478 448
1713 1515
783 3515
1820 3432
2698 3357
2930 3944
1321 1887
3474 753
2048 833
1977 2775
2940 212
1623 1347
814 1849
3278 3500
2008 1970
2861 1648
1431 2658
1893 3626
707 1430
15 896
686 1699
801 1931
3217 2906
3336 2390
2833 735
29 90
810 3481
1939 2789
1788 1634
2988 678
450 3007
1795 530
3133 3680
2118 3365
3078 1367
905 1435
2057 293
2216 2019
713 658
645 3949
1092 861
309 1395
3925 1001
3753 2035
1420 1094
1943 2643
298 258
2325 3333
2875 2872
2507 276
3628 39
3546 3596
2693 1633
3608 3434
838 1117
2427 3418
2821 1994
3749 1298
2058 841
3797 98
527 171
856 3759
2900 3463
3016 1142
190 623
1026 3908
2306 1629
3493 3795
1181 1589
50 2016
2002 3552
937 31
1996 2331
1908 3235
1117 904
3205 2219
3285 2370
3074 1265
2616 3585
1420 839
2209 1181
935 1992
643 2507
2609 2794
2979 1444
1510 3177
2746 2150
2495 416
1001 2633
624 359
594 964
2383 3106
463 1214
3838 638
873 3699
1897 3126
1920 2548
3820 3739
2402 696
1119 2072
444 3580
1749 2882
2029 2215
308 2076
3678 3712
3492 813
3882 3483
3380 2012
1150 3183
554 2409
2138 1015
761 1865
165 2537
1241 1518
1722 3074
2122 785
665 3895
3727 1851
1200 779
2176 3134
82 1019
989 319
597 3224
2937 2266
97 1831
11 1413
3706 1355
3755 2216
3148 3001
3547 108
1458 2781
545 2840
1724 3782
2732 2161
956 3775
871 3895
2845 2794
2340 3277
566 100
769 976
645 630
2859 1305
2341 2077
3216 3984
3837 3292
912 3246
3778 1850
2979 1515
689 3900
1677 1537
2473 976
2329 1591
2217 1259
376 220
2231 1511
1323 1460
2679 3129
646 3354
2821 2333
3126 3135
1881 3514
235 2909
3746 2118
1555 1008
1578 2433
751 3660
2002 2833
1990 3485
1398 2750
3492 2433
3273 796
224 3463
2054 2310
1815 577
1175 153
908 1013
2605 1080
2355 492
3593 2823
3875 3240
35 68
183 3327
540 3252
1650 710
2635 1896
3673 696
343 2367
1749 652
3868 3958
440 609
513 1844
151 1276
2819 1442
1433 3954
2379 3469
2110 2816
3838 2681
600 1092
173 2729
3952 1314
3702 3537
487 434
2883 1637
1925 2146
1910 1860
2792 1425
2734 390
1151 2149
793 1018
705 1507
588 1280
587 1099
959 482
1205 3671
376 1334
772 1419
1411 3935
806 1401
352 2461
2899 284
3140 1880
3671 718
1819 3750
139 1781
2536 3317
1835 86
2073 498
397 2977
2375 2574
2167 158
2069 77
3396 278
3093 3476
1553 816
961 3765
2895 830
2941 1688
1205 2204
3320 2834
2600 2345
2501 469
3545 89
45 487
1907 1560
3110 3496
1033 3009
189 2959
3606 1877
955 2242
201 3710
2163 2922
1137 3996
2792 1727
1770 1359
1170 3140
2135 2150
217 1850
3174 2564
2122 1468
117 2577
2058 2185
3420 1699
1099 1333
1531 3499
1085 484
473 402
2127 3754
570 3379
509 3622
521 1587
1192 85
91 1
3137 1605
3357 3518
1021 3087
1195 68
3898 1282
1616 483
3363 3679
1524 1413
2841 3616
2677 737
3962 2012
686 2120
1061 3450
2542 2076
3394 502
237 1221
225 3155
3049 1008
3604 1114
143 758
96 1174
586 3729
3608 369
3501 278
2023 1907
717 3771
1889 3399
2627 365
1558 1426
3091 1616
3746 1636
115 3871
3716 3106
1436 3525
2941 1546
590 2851
3834 2655
426 873
1561 1770
3061 1735
3753 3730
1971 1528
2526 3554
575 3544
617 2190
589 1362
295 3087
408 3215
3325 1744
2995 2431
3391 2419
2848 1754
27 1579
2999 790
2086 1080
1316 1579
2181 1317
3234 1190
3525 223
3004 3006
80 314
3387 307
3687 30
1742 1145
695 3299
2049 317
1817 3943
1107 976
3881 1094
473 2
3477 3464
2038 3042
3730 2216
3664 1639
2235 616
1616 2923
1137 2101
273 72
1164 1628
1251 3697
1057 1284
3432 2994
494 3840
2594 516
2667 1148
2312 2649
2362 633
499 3210
1883 226
3899 2043
1995 3957
1771 3854
2379 3224
3540 823
3941 3949
2848 2326
2472 2595
2475 3935
2534 961
387 3504
2882 2613
3962 1023
14 1049
2006 1985
2186 3459
766 759
2091 2418
1483 3525
1185 2281
699 3215
3642 3287
1929 66
178 191
901 1589
334 3140
2528 657
2288 1262
2890 412
410 1793
2292 704
2874 3378
1929 508
107 304
1703 949
1637 2432
1588 714
3101 593
1760 1047
2110 2587
194 710
883 3433
708 3165
1708 2359
1742 1515
2659 1581
2374 361
822 3113
1605 3179
1834 2834
202 1288
922 2375
128 1114
1557 3728
2621 449
2319 334
3043 1684
1120 1684
3522 242
1224 654
1888 785
2961 247
1799 3303
155 1343
3188 2316
2999 3020
143 1793
656 2256
251 1731
2901 13
35 3851
41 1987
3739 2333
3557 2975
515 2327
623 3927
2198 929
2532 3416
116 2924
3475 3189
3960 926
2524 3722
2312 2965
2677 2855
117 3838
3269 3223
2042 952
2090 1956
2881 265
3017 3235
2304 1792
1092 933
1523 2207
2812 1498
716 2430
573 3505
1447 1591
3424 281
1429 3433
1070 1825
304 2348
1323 2702
3177 2546
1705 3681
756 1537
1332 1146
782 1146
761 1390
384 698
358 1085
463 1284
213 2652
375 2598
3592 3465
17 2515
1595 321
805 1483
1472 1760
959 3327
2640 2611
3945 3223
3921 911
2009 3554
1901 435
1893 1668
3098 3454
655 2910
872 138
795 248
1953 2513
3827 1792
3403 3443
3582 2695
3155 2527
116 2713
911 218
3900 108
1614 3317
3576 66
205 2780
2234 445
1414 3140
2324 658
2027 1438
3963 3861
604 1957
2643 280
925 1654
3985 309
1708 3151
2131 3658
130 3198
1210 1837
1820 2685
269 3231
3148 18
2368 3728
3152 2834
1223 2388
2549 3754
1017 3640
841 149
3666 1418
919 3373
3589 1571
2767 3125
254 492
1843 2975
3901 2434
473 939
322 3659
644 1690
472 3832
3553 2286
3498 1317
1728 3189
3963 41
1812 2080
497 3210
1830 1786
891 3461
3432 2557
509 614
2516 3860
3348 1514
3512 771
3930 1229
3246 722
2523 1030
2744 4
3691 1633
649 1704
298 1771
242 2816
934 477
1949 2677
3369 923
669 3408
3478 3488
2916 615
2745 2895
336 339
3200 76
3090 1187
3114 1477
574 2693
707 1485
3861 2272
929 3738
2009 1455
2249 2806
194 3981
2066 1249
2572 2828
3956 3397
594 1879
794 3023
3848 3130
2489 2273
1846 76
1407 863
2261 919
1474 3722
2695 1970
599 787
662 1593
347 3277
2496 3482
862 808
1194 3528
674 2248
3323 3667
3423 719
1780 3831
3919 271
583 321
2151 3580
2013 1786
807 752
966 2410
457 3204
2187 3106
1691 1798
1706 1258
3389 3636
2182 2071
3532 3571
3298 388
379 83
971 3462
977 1565
1029 3613
3454 1546
3072 3066
2995 1146
2941 1717
2988 3105
2018 1485
2141 1786
257 66
1335 1718
277 1773
1555 2190
1826 1000
1898 1044
3638 1384
3065 567
2420 1711
2771 1626
1603 750
888 3284
3497 2559
3587 880
3486 2719
3755 3468
3865 1733
1608 3118
819 3759
3316 892
3965 2156
2888 772
3553 1086
2503 2860
1918 1643
1016 3945
1133 104
821 3821
1427 893
234 858
3796 2004
2394 3637
1063 2
3298 1923
2541 1122
3648 3488
310 2124
1489 2166
3290 1671
221 1664
172 3187
3434 539
3502 201
3443 609
1281 1494
1334 2188
2712 3175
2849 1550
531 3241
2931 926
1270 2896
2292 453
998 2457
3194 471
3826 2858
2672 19
2077 3368
2397 1972
370 1530
1424 1258
804 3729
961 889
2285 3727
3174 178
3708 343
268 1249
3441 2988
3257 411
967 3515
3938 325
2999 2747
1252 3530
3413 1931
1709 100
993 3935
778 2166
1784 3171
3801 2540
2734 586
2440 3436
45 2208
877 3888
3569 316
3394 2381
2298 936
310 2706
2085 2610
70 721
523 928
3997 149
1668 2130
256 1376
268 3860
3087 3313
3054 3863
2491 1692
2650 2360
2798 2684
1961 2614
999 2226
2502 2256
514 619
355 2590
541 3574
3522 2940
2263 1393
3834 1778
1755 1661
2897 503
2511 316
1146 3487
3645 3795
2211 2179
3609 3107
1561 506
1463 3729
1640 3161
1548 671
3897 62
1573 3039
632 134
289 3270
2631 2493
3932 2995
1712 3376
1224 430
833 714
2812 3198
556 928
2462 3100
96 3121
1914 1331
958 980
1001 2568
901 2547
2682 1496
1061 249
1777 425
79 2753
2439 3978
713 471
1714 1988
1371 2148
821 2059
213 3791
1260 2329
298 1558
1942 2591
775 1610
2136 770
2164 1733
273 1048
2298 18
1953 2138
3184 3274
1892 1786
1552 2393
1057 944
3407 3580
1736 2148
1783 455
2445 420
2143 2157
1903 1023
959 3138
1821 1362
494 1554
3917 1829
3942 1689
632 744
2509 560
775 1669
1145 1690
2087 1339
765 2981
1196 815
2018 2679
3581 3149
3463 1265
3494 2119
2766 3593
3 2975
3488 249
1793 2690
2098 3809
2360 1103
3743 3734
3658 3389
1066 2372
711 3025
1314 2736
957 2001
2513 845
2989 720
440 1348
2800 1903
3157 3343
793 1850
2248 1970
2051 2557
1143 3059
2792 1622
2136 3317
363 908
3939 3106
888 1659
2489 1940
1042 16
3530 877
575 3329
895 1765
1954 2975
1359 1476
3658 2513
212 2116
1066 1976
1583 522
409 2062
3257 2723
1755 2723
2696 2235
1158 972
207 2777
693 2278
339 3862
2049 1423
1924 1165
3234 1684
464 1535
813 3915
621 3949
1319 2488
2131 3286
3690 3164
2356 870
1047 3784
3718 2189
2789 2700
3398 584
1416 2638
1492 1580
889 3834
3064 637
2578 3975
2984 1259
3324 3414
1228 966
2563 3050
1682 2910
875 3395
1895 1842
3990 682
2408 3271
3940 3179
1979 1962
2524 2708
2843 88
3175 3473
2591 83
3725 897
3776 3688
2809 1506
2355 2228
3010 3537
221 42
3991 2354
631 1063
454 2314
463 3452
1136 2003
1360 1864
3991 3187
2885 2709
800 2616
398 2636
1808 714
332 3620
2615 1369
2581 891
2006 2794
3737 2744
3824 1529
699 940
3144 3465
3195 1396
1608 1290
308 3014
1523 771
3740 3871
3474 962
2263 1303
3088 238
2718 1593
680 812
301 1040
1886 1993
1935 2326
2860 1273
2634 2910
3917 2216
1281 3900
1877 89
2624 3790
2299 1345
1692 137
3798 3312
3536 3809
2080 3624
618 2748
3381 3736
506 2188
309 3169
1463 1507
3019 1988
1693 3047
1202 3315
3955 1518
3222 2572
1060 1140
1849 1336
2770 2398
760 3921
3543 3878
419 1757
680 2166
2533 441
3367 1887
3708 2887
2971 1704
368 898
1339 2647
1749 2887
1524 1065
730 3133
3613 1870
2683 1650
3802 1409
3837 1020
3745 1357
2858 1071
1260 2737
1598 3125
2971 1320
391 769
2319 291
1851 3572
1779 485
2782 889
2078 2532
1219 2988
2528 2370
694 3296
2339 138
3306 1142
2631 421
3383 1715
2530 3075
3420 2046
1105 543
572 3130
525 537
3396 1509
2744 2293
1505 1078
2337 3292
2492 230
1832 3726
2714 3915
3195 1745
2328 1849
1998 2674
1063 2138
1936 503
845 1141
2425 3280
1707 1517
2081 1505
104 2222
2962 2419
3445 2886
3512 1788
1017 844
2529 3158
1659 2409
2332 2327
1255 1956
412 2336
3270 434
2155 3858
2710 3769
2450 2748
3512 3305
751 3310
2497 2182
3732 916
84 2143
1099 2639
117 984
386 3710
2358 1378
2810 3711
2400 3825
2960 3083
1411 3850
3485 2712
3311 242
1552 2353
2018 1785
595 2978
3236 771
1861 2146
3657 1532
3501 3946
3982 3189
3316 226
3174 812
475 3590
449 928
2971 3304
206 2758
1275 2639
2126 208
1383 885
3143 1067
15 3542
2639 3592
3470 785
2430 2657
2167 3405
3783 3595
3359 161
2053 1076
1234 3635
1133 1605
1711 1753
1102 3704
1783 2141
3521 3515
3730 1009
3344 1735
3976 1177
826 1775
799 497
2267 3694
995 3843
2127 1155
3148 2998
3329 2720
2645 349
3052 747
2474 3437
150 889
536 2401
2605 3215
1135 3181
2638 3373
2049 1525
2456 763
3369 977
2689 1823
3277 1600
1218 651
3335 3834
253 2595
1119 2428
2087 3571
1285 3581
2387 984
3975 921
3051 3497
518 274
1185 1366
3425 3502
3889 1362
3731 1379
353 982
338 1743
2766 2691
532 3956
1820 3562
1910 698
2141 2405
3520 2589
3108 1054
1944 1521
3369 3103
3153 1156
2562 1845
723 2385
3565 2873
1888 936
1527 933
1339 3871
1918 3163
1167 3138
3731 6
3263 3752
1561 2219
1925 3433
1266 2964
3912 1895
1921 926
2611 396
2073 2945
637 2351
937 2729
1081 1600
270 3931
3002 2379
3648 2790
2970 722
3778 469
1613 1426
3698 660
2255 252
1748 3010
2900 1055
2322 1920
2339 1613
1142 1499
795 1622
3197 2364
3692 2970
1003 2970
2253 458
2583 714
995 1751
3859 1219
476 1888
3674 3325
2003 3125
221 287
3382 2026
662 21
2516 3048
91 2143
2447 3717
1494 1526
2875 1189
3458 3775
2341 390
2643 3379
209 1029
3972 498
129 1245
2163 3597
1738 235
3571 2212
2 3657
422 770
1019 3806
1444 2134
1846 76
1812 1885
1373 731
513 2856
959 1519
91 3782
3763 2690
3040 119
2395 814
3677 1502
1084 3314
167 3513
3187 727
3798 2981
2903 1052
3940 1481
2696 522
2388 686
2960 3231
3964 3452
2174 1584
3653 246
1570 2305
3919 1455
1929 2156
1954 3516
913 3723
1062 3158
2273 1731
1048 2980
376 1618
1118 3585
1799 3286
1690 3237
2079 1015
511 2439
598 3551
3307 1477
3754 2977
1001 1715
546 2443
109 3358
838 2260
3621 430
581 3231
381 901
3410 3849
3012 3669
2107 1765
2662 3574
1331 593
3149 2700
1851 3014
3608 1117
888 3860
3970 2653
3316 1621
974 2606
968 1853
2298 1386
318 561
61 2194
1042 707
1743 3161
3404 1917
3771 1546
440 1921
2438 42
3732 2800
1929 869
3445 3030
2740 83
1750 2602
1492 3429
1821 1503
2903 857
2526 3469
240 2561
3799 1351
1459 3627
3725 15
2276 3227
733 478
829 1228
1148 3370
2270 2196
2612 2681
2929 3043
1902 870
45 2632
34 161
1353 3769
1070 2003
946 678
333 487
1184 3872
82 1097
3679 2590
1125 475
1513 125
2263 2511
465 3118
3861 1041
3350 957
2403 1190
222 1790
2236 1668
3610 1835
2027 1686
3795 771
1620 666
1357 2794
3177 661
1480 439
2317 3573
3576 738
2304 2846
1615 936
561 321
1490 551
2185 3371
1840 1885
1820 1998
1548 2261
2475 1079
109 3289
3725 2109
1730 732
1929 160
2364 2215
29 3093
754 3461
2168 2514
495 1499
1656 327
2221 976
206 557
855 1516
1862 1879
3714 2073
1816 1412
1531 3334
128 3752
833 71
942 2070
1466 572
3490 2787
1752 312
2718 3744
1091 1976
368 1037
1916 3516
3538 2002
3273 1410
2427 712
2718 1498
2993 2234
2982 1134
2268 1798
2895 2390
2187 2200
2614 1993
1866 2192
1928 130
995 3705
2948 3564
204 1396
3803 1476
3411 425
493 314
1025 2403
2805 1790
1881 389
604 721
1012 681
1213 1437
920 1255
3472 2601
3419 3643
2775 3937
2645 2179
3648 2150
3359 497
983 119
778 41
3004 1648
1648 3239
1079 3089
2146 850
3906 2431
3810 3941
3076 852
2216 891
2264 1417
224 3854
1907 1740
897 3220
113 835
2489 1714
2355 2642
2662 2946
3558 3671
833 401
3185 203
2118 658
3285 3721
2439 3395
1152 1500
2185 2371
1650 1648
212 2636
2255 1860
2458 83
989 2130
3352 594
1516 198
2099 3712
2285 882
1377 1555
1394 1242
1174 71
1635 2028
599 3027
3655 2291
3382 2435
570 2481
2165 3373
1709 3010
3287 707
1443 2539
3334 1008
2583 1675
1236 2802
2947 2557
2836 3098
3800 2912
2210 3349
1726 150
3727 1920
2408 3767
2919 2053
833 3451
111 2730
2474 975
2441 3860
2768 1924
3209 1877
2563 1196
478 3513
1447 939
287 1047
3104 2305
2716 1022
2586 1262
3324 3461
334 1629
784 73
2877 1492
3183 1448
3904 1983
1069 1418
70 1960
3401 2424
345 678
924 2708
1980 1785
1486 909
3091 3245
1321 3916
3108 584
1549 3464
3581 3617
2309 3415
3092 1597
2081 1357
3872 2909
823 960
41 522
2361 1434
698 89
958 226
2274 907
2083 1702
1127 232
3800 3937
3110 1336
256 2678
3558 300
1614 1606
3737 3531
502 1386
937 2028
1374 2184
647 1835
2999 1562
1904 1571
3271 1626
3608 845
3425 455
818 802
1792 434
3064 3362
2200 3951
455 2305
116 1940
1991 3914
128 2272
168 1756
1102 674
2540 2574
333 2931
3961 2656
343 2762
2310 1330
3279 1106
2497 3814
207 3927
305 1044
127 141
3512 3066
1799 1869
1437 3628
1710 2559
1188 815
2808 3872
3628 3277
3754 3457
1466 3203
3232 179
3987 1294
360 1362
3992 3867
34 2770
2627 2171
1697 863
1681 1321
1708 2493
3429 544
2222 266
2805 2160
464 1629
3969 1877
2537 2565
1616 3192
2547 3730
813 1137
2798 1106
1152 390
2810 3886
3035 1810
2236 441
1174 3618
1491 2634
2734 698
256 3319
1859 3435
3338 3613
1480 1083
3374 1448
1781 722
3839 3152
404 2469
896 272
91 1196
3100 2302
1282 1613
980 1012
1998 1488
2062 2347
1450 1829
2900 520
2854 3964
2880 2816
1861 1704
2218 2074
376 2604
1862 3537
838 3076
3764 1257
433 790
3393 3825
408 1586
197 2981
1763 3748
2817 3914
1602 3871
1707 3488
3432 3768
753 3995
2661 3169
602 3449
934 3047
549 2997
2517 3102
294 837
3131 2391
2764 2916
1771 1468
2919 3342
266 121
740 1620
3507 2807
3838 3258
62 538
3056 1612
605 3119
2422 3331
932 2248
2413 612
1364 1825
91 112
920 679
1439 3838
3687 2665
2027 2493
616 3469
2837 1836
917 1674
2492 1861
2492 2086
821 1507
1476 3585
1453 3849
667 3762
1482 1526
785 2424
1889 1874
2793 1104
1708 1515
3160 2802
315 2858
2131 561
1967 1430
1862 3811
3261 2911
2455 1032
3340 2453
381 3452
1768 3343
3086 311
1279 817
1697 3053
396 3308
3620 2636
3893 1959
3094 1675
819 1036
3121 3388
240 1482
3502 3704
2818 2559
821 3346
2037 2354
1398 2978
844 1801
1093 1361
268 327
277 2133
80 3204
1042 2480
3900 3400
3510 153
2518 3074
185 2047
3981 2820
594 2493
1802 3995
242 1350
537 2061
2959 2150
3898 446
421 3134
2564 3163
3150 652
129 1536
423 3493
1895 1740
1544 2341
2932 2843
3741 573
827 3223
802 2132
103 832
3551 732
483 3871
779 1936
795 235
476 3466
3430 3481
2860 3697
1638 1310
107 2286
3150 1095
2509 2122
2733 1351
717 2449
1228 3531
1750 1367
3693 2645
118 3025
1718 2357
740 3151
3913 3423
3833 3560
935 2004
1551 1518
2985 2588
1799 1686
3086 3486
987 2487
2713 1724
515 1339
2566 2164
1855 1656
975 2309
342 1022
1990 1737
1619 1035
2275 2481
3693 184
2425 3239
891 2963
2480 2353
1969 1970
1544 2053
2993 1348
1886 3779
1270 3530
3600 607
1560 1932
1127 394
683 2269
884 3243
2361 2803
2710 3769
2006 3509
1925 3107
2661 1360
3153 3007
2072 2834
423 337
3139 1706
2067 2735
2961 3505
3970 443
3261 1945
1783 427
890 788
1576 177
2583 2918
2374 156
988 2573
1638 3540
648 1711
1188 3204
1663 386
3223 428
3733 1021
3203 3135
426 725
3427 99
1847 2675
2689 2577
2417 1515
672 3244
1016 2509
1119 454
536 1439
3058 3779
3840 3094
1405 1927
555 3446
1086 1870
859 1656
1723 2183
222 1992
1329 1426
3833 2396
706 2647
2353 2577
375 1803
224 1055
1755 2031
3460 2355
2311 1541
525 1325
1201 1427
2086 1698
1918 447
1400 3916
2227 3261
1093 241
1742 3511
65 3781
1425 2068
643 2749
1317 430
848 3162
1929 2260
6 2555
574 1331
1274 2916
400 687
3599 372
2903 871
3861 3010
3998 1448
2429 1391
3143 396
1451 1379
653 3204
3718 2224
3982 385
1873 974
241 1675
1965 3720
1091 372
1549 396
1268 2116
1929 1957
2913 2481
2958 2587
277 1725
2140 2823
353 1022
1364 1468
1572 652
217 625
3121 1388
3880 3379
16 2550
2608 2088
935 820
2611 2199
1865 2949
1381 3173
3665 538
2976 1488
675 2596
2459 2031
2648 2115
35 746
1784 3765
983 1100
2722 3925
1192 3908
192 1520
645 3803
751 198
3311 3847
2441 2649
3155 1479
1697 3071
3876 1200
3332 673
2703 2376
2464 142
2464 1315
2452 3199
295 102
2168 468
1213 2990
825 1518
919 1592
1616 163
2811 3719
3535 2077
3280 542
2669 578
2654 1657
2537 519
1607 3931
3418 208
580 136
3316 1915
1262 3159
2111 144
1755 3623
1175 1824
2999 1847
3704 3793
2638 1558
381 3306
2711 3787
2251 3975
3939 2147
691 1779
3 1464
2825 3393
347 407
2526 2802
1405 2742
3508 3500
804 3634
833 1600
3281 3634
1510 2123
910 3221
511 2488
2302 1895
2039 742
3677 3039
705 1100
2974 15
1900 3376
2315 2274
2804 2043
3792 3515
2486 134
818 492
3252 1158
3766 2085
2197 2340
174 3817
1623 1334
25 1183
1535 2784
3155 1558
1185 23
1964 2025
939 1319
3230 2498
941 2616
3539 2736
429 1069
2675 554
3757 1911
50 2318
1818 388
650 2217
1590 1444
803 793
1256 461
1779 126
25 1206
3501 1368
2741 1290
2922 3934
1946 279
2876 2816
1168 200
1093 2868
1207 2063
590 3798
165 3205
2860 2433
3575 1920
1669 3633
3604 930
537 1671
2927 1624
949 738
1459 3101
864 3372
472 299
1466 1068
854 3040
2549 936
892 1682
2113 1310
3594 518
2560 3310
1374 3292
3407 3728
1382 3138
3738 769
1472 1572
2807 406
1316 577
795 3098
2361 417
2062 743
25 3840
2658 3989
1240 427
2597 3062
1147 3199
2826 3173
602 131
3003 2577
1727 2555
2241 430
1022 1294
2070 573
3003 3771
3965 1893
3336 728
12 1078
838 2707
1797 3442
1396 3360
1750 2790
2859 3871
2164 2856
958 3575
3208 2800
1470 3483
1681 57
3047 922
2558 538
3629 2626
2400 1676
3716 1790
218 3537
2596 921
2854 2038
1447 3493
3629 3158
2014 3014
871 2701
1619 3271
3096 161
1231 2570
932 1070
2856 1527
104 3877
652 1501
3916 297
1282 936
3674 1113
752 2724
1658 1965
3567 1453
480 3989
192 2646
1770 3753
3142 727
369 1296
3831 1013
1816 3395
809 633
3270 2278
2001 1166
3403 2028
2348 218
3097 896
1943 3544
6 1653
1049 1956
2976 1082
1680 3517
154 2859
3664 2281
531 3863
2631 153
3753 1390
735 774
3618 3798
74 3851
1621 767
245 3627
1142 3894
3338 3414
795 281
305 1284
1552 270
506 1917
3555 2178
2356 226
1388 1237
1509 1594
1638 1005
1205 3053
1129 1122
114 2914
259 2716
1838 255
1397 2681
691 886
240 1694
3148 2414
3786 1215
3434 1698
299 2820
3202 1008
676 2604
830 3466
3231 3440
648 436
2601 1295
2510 1593
107 3064
669 2866
1186 2244
2734 2399
515 402
2330 1822
3961 2894
3177 2323
766 1834
2364 1009
2653 2990
3826 569
1132 554
989 786
1526 3668
1706 3636
826 3654
1615 1215
548 3436
273 2376
954 553
3636 1778
2718 135
2534 1744
3706 1190
2461 128
3590 2949
3141 542
1531 1786
263 611
1560 3804
1048 1723
3300 790
3945 5
2655 246
1332 218
2255 3894
587 1330
1737 1888
2673 3828
2967 2857
1941 3879
28 1317
3828 1903
3417 777
938 3125
992 3284
404 3937
397 1880
1014 400
2239 3717
2082 1354
775 271
2914 2815
2923 808
2194 1936
1519 1379
1971 3228
1118 3438
3081 1006
3764 2730
3225 2132
3419 1315
3280 3862
2261 3112
3714 2000
827 1896
3367 3218
3959 1715
1889 1854
788 1367
311 2728
3642 1527
21 111
1338 2956
105 2994
3359 2936
1193 2998
1802 2555
3884 1364
1881 3597
1177 3393
2579 2416
3495 1653
3394 3906
686 1109
2659 3375
3627 373
1907 2134
3826 2459
2631 2563
2583 1836
3366 1675
1211 2551
277 1054
2544 198
3922 2710
1986 3415
50 911
577 1735
180 3147
3698 3225
894 1955
3749 1540
3421 1391
1031 3045
1079 633
3291 3891
2775 364
2330 95
1871 2404
482 2047
3501 2727
1650 342
2205 908
2186 3437
1118 2652
1296 863
1372 348
106 2939
287 2721
3425 2815
2077 1717
3960 542
2852 2672
2877 1528
2835 3715
429 3464
1692 2800
3546 3929
319 2026
1997 2242
1130 3548
2992 1537
822 1972
628 3588
386 2614
3726 1053
3673 419
3383 1684
14 354
1988 1114
965 2223
139 2831
1143 1679
800 218
3431 3949
1962 2380
749 135
3337 637
2136 1443
2641 1632
2461 3159
3962 1684
1701 2450
493 31
3434 537
1628 1579
114 966
1528 660
1760 1618
2121 2428
2756 3902
2714 999
2485 2777
3778 253
745 3692
2008 1172
2356 359
1647 3562
1788 2372
3974 2249
1140 2798
2512 3444
838 524
1277 688
2232 3720
2694 483
1072 372
510 3993
2247 139
518 3281
2994 2726
674 1928
536 3015
1014 999
1338 2196
3783 3019
1118 2428
2413 86
3497 2850
3082 282
1027 1735
487 2375
3377 1079
1789 944
2509 649
2201 220
3510 1388
3579 52
2109 3324
343 104
2516 2988
2924 3480
2484 722
2501 2535
1530 2856
459 2252
2979 1948
174 1197
983 1386
1567 2962
2564 981
3191 2770
2002 3923
3808 1535
2234 3774
2594 3853
1554 1914
2096 254
3716 2957
3821 1456
2078 686
2791 146
3503 1725
3196 843
3205 3819
2732 3140
2237 1333
2499 1366
2698 1226
1388 1957
339 1350
1277 1845
1570 3819
778 3838
2770 3774
867 3378
1549 2749
2138 2050
1353 1245
2818 2568
3460 2493
2900 3420
1322 161
524 483
1962 1432
2149 660
1578 1842
3201 2073
2819 3920
2275 2633
3112 1114
1159 249
2936 3770
1930 1097
3743 2137
899 1883
1322 2412
3753 274
2439 2908
656 3079
970 3751
1173 3357
754 619
542 1469
3273 3382
3305 3161
672 1899
2243 2965
3263 889
30 262
2696 1583
1519 1289
775 2044
2181 3167
1277 1156
739 771
2725 1090
1154 3978
3765 3158
941 1597
3937 562
688 918
2714 3526
1283 1535
509 2111
840 785
3261 2684
1096 3894
1513 2799
1071 1140
948 851
958 2646
193 3349
3708 2194
1496 72
1219 1740
2956 2983
255 1077
118 682
1522 1885
2395 1930
702 463
179 1721
1392 384
2691 5
3605 3418
3756 2035
2764 1880
2282 282
1836 469
3485 777
1461 2195
155 3075
376 288
3618 2916
1193 3514
3266 2212
725 573
2367 2997
2147 3968
3429 748
355 2416
3856 2239
3781 2355
2824 3304
1057 3348
3466 3167
1026 1917
1648 1676
2563 3717
3325 2488
3115 696
1074 3736
80 3524
2086 2813
257 2460
1735 3775
3482 2372
1954 1262
277 2310
384 272
3242 1286
914 2966
1854 3335
3445 3814
2739 1047
53 3574
2259 3308
36 2227
25 2308
230 1753
1961 356
378 3854
3801 2156
1225 2929
1321 393
3407 333
2846 1866
1486 55
1818 3182
1660 2527
1180 2193
680 1278
3913 3849
3687 3720
1518 3370
1973 218
79 2878
810 2550
3101 1537
1892 447
739 1962
2826 2577
2701 1169
409 2739
1223 3729
1943 2755
1889 1150
1079 3715
2274 1945
639 1577
2491 719
2771 1827
1585 1701
968 2757
1742 2695
340 539
1020 3256
3919 2786
2913 1925
3252 1426
21 1121
2549 2804
2027 428
2615 505
3286 1522
2483 1999
3875 914
3748 562
910 3528
3162 1668
1391 1208
1530 3218
2741 276
2140 3212
3084 1632
2868 1933
1171 1620
2962 1248
1699 3250
360 310
2562 1318
315 1494
1904 2163
2862 2348
3343 1140
3816 2335
245 3059
266 363
3070 2546
2638 3455
2711 3554
2975 373
700 1710
243 3400
3058 739
3543 1410
3728 3969
2193 3644
1811 434
3650 2538
2598 1132
1070 3770
3466 3150
3909 1819
501 737
1378 742
1437 420
255 1541
159 2143
2732 3212
3099 3571
1235 539
729 3556
3601 1757
1840 1032
1332 3150
2904 1065
822 2034
3943 400
1398 1291
2039 2137
2750 635
3383 3040
3271 1863
301 1357
1621 1311
1818 2946
1674 2056
2277 2463
396 137
711 742
1773 812
1891 416
1468 1065
2089 3339
3073 2119
2006 3428
376 1555
3799 2194
965 2465
2171 597
715 3024
1697 3388
3749 2557
1092 3805
2536 2872
728 1277
3862 2430
3020 3737
1155 2210
3309 302
3192 1336
702 3758
3332 3707
3428 3066
3745 1920
3507 134
1810 1090
609 2111
859 2806
908 3686
686 1262
3386 2376
1181 1503
388 2178
671 578
3538 1364
604 2321
3415 1418
836 1547
343 3936
1358 606
946 1677
904 1945
608 1912
351 1435
2674 276
3563 1402
2877 52
776 2593
2955 236
145 2645
449 2240
179 1701
978 2886
679 790
728 3618
3191 2061
1796 746
869 3834
2808 3972
1650 3671
1884 1530
2307 656
2679 1390
642 2815
3446 3211
3507 2036
1289 3794
680 329
133 2274
2592 3534
1795 2738
3422 2212
837 3496
2285 1759
1313 926
1551 3485
1140 403
1818 971
3962 788
2176 1976
3959 3924
943 2132
3255 3258
3725 2218
3169 2010
501 2810
987 1265
1727 2343
3741 3843
947 435
1656 1836
2577 777
1745 3638
1043 2329
884 3662
3879 664
3910 908
718 1607
2297 2391
3527 3584
2382 1855
2979 2625
2501 346
3194 2656
1391 2769
2572 3441
2330 1479
8 2488
1635 949
145 2940
2228 68
273 440
1516 2937
1365 560
706 2323
3692 49
3879 1131
3553 3954
1424 3716
870 3307
1701 2156
515 2533
3869 866
2287 445
646 1335
1742 2282
2312 3633
2628 946
3228 2839
1941 272
1498 1660
2427 3780
511 489
2808 3397
2812 2209
2082 3473
3972 2359
2236 2709
2609 3216
2426 1993
3535 1163
966 1216
2822 1122
1071 2360
2287 373
1897 224
1076 1798
2140 2855
3454 2574
152 2148
2461 3015
372 3878
2348 2140
3804 1796
2772 3698
2518 2754
2208 54
2490 2465
1516 3694
1130 2576
332 1717
407 474
116 1586
3905 3577
685 1492
2656 1936
1254 1761
2955 1418
2310 3107
3053 1911
9 730
884 2559
321 815
413 38
1281 3623
1971 2501
1981 2328
2312 1215
2618 1364
1777 99
1338 1342
2605 188
1161 1677
2732 3399
2650 1493
3956 1821
3878 1629
3820 1169
3297 3043
1174 1669
3896 541
59 1013
456 238
260 3654
822 1825
2640 481
251 1711
564 1969
3265 3981
3191 3364
3498 850
3557 1875
1405 1876
2341 182
2331 208
155 3405
113 2384
2532 3592
1471 1484
1227 2949
2778 2034
2968 1228
2171 394
2281 3132
572 3042
499 1067
760 3251
3766 3680
3003 183
478 1793
1973 857
2221 696
2020 224
3582 2034
3223 2843
379 3819
1003 1500
2247 455
741 2820
912 1769
1547 2346
1464 1717
761 2793
2302 2898
2275 103
228 2527
3313 3903
439 633
3494 934
1039 865
2008 3934
3424 1574
3138 3268
3870 3820
3051 2836
2219 3877
1561 1228
3377 2146
3859 1278
1156 2226
857 1389
2635 1296
82 2882
3390 3618
3393 3769
2531 354
2542 2740
924 354
2439 2161
2801 1532
401 591
723 745
1806 3994
2656 947
3310 324
563 170
1147 133
2184 2680
2516 1651
2196 503
2552 1581
2217 3636
3111 1890
2364 3326
360 1440
1650 2705
1447 1776
2803 157
2991 522
2285 3123
1316 2399
679 3863
1698 2825
1445 1343
1363 382
1813 3656
3408 587
3126 2034
645 3564
3510 2650
3028 220
3154 3347
2717 2284
2653 3894
1131 771
2830 2156
3208 2756
628 3099
3019 2936
3868 1593
34 3550
1491 1190
1552 3347
3598 3132
49 3296
1170 131
3421 3440
793 961
2623 2794
2198 2022
43 1383
1952 170
3922 1057
280 2822
791 1630
778 3575
3618 2178
2300 1683
3474 1914
2595 862
2583 2691
1804 2538
2539 1153
3565 1912
2228 3644
1860 1676
2783 537
540 1178
1414 2582
2841 2044
509 736
1737 2516
48 3418
1334 3341
927 2694
221 2455
897 887
45 0
2444 2229
2288 3976
1462 3680
2458 3487
1004 330
59 270
2955 1683
3845 806
770 156
3508 1040
2389 3961
2072 3022
2406 1191
2277 795
1441 332
3050 2060
620 3551
294 3731
1149 759
412 1631
2425 3846
1201 2748
2685 1865
1532 3202
2906 498
1420 1955
1105 455
1782 871
273 1967
1812 1203
1964 1126
2201 3166
2849 707
3595 1343
2099 801
2251 3071
1698 3726
1573 1997
3419 1641
1968 2257
3719 125
368 377
1 1438
2486 3707
3300 2712
230 2814
1420 1786
929 2169
3725 1524
423 2763
2251 252
378 1290
2354 392
1128 2620
398 3870
206 2365
1032 1387
1710 1560
141 2423
186 1327
935 2657
3151 1500
34 3154
519 3548
3755 1341
318 357
425 187
263 885
3776 798
2040 127
3904 377
123 2748
2530 3607
3290 2764
3942 3461
3340 1585
2498 2831
3475 1669
590 1690
56 2414
3713 3736
3684 2543
636 3132
3539 3239
2464 3708
514 700
2864 1811
3038 1611
102 1973
2971 3067
2627 3603
3942 821
2756 554
2484 1850
3876 3521
2877 3211
3869 3593
3558 3668
2016 2616
2793 3197
2667 1717
3152 823
343 3370
3477 393
1623 653
3276 571
2467 2371
2383 1905
1012 1289
142 1690
3490 177
953 2907
511 2452
1048 2108
369 3314
3733 1168
1553 3830
829 757
1270 1609
2789 2419
295 274
2731 877
2086 485
76 2557
3956 1128
895 2213
1705 1237
2542 1822
722 2559
162 1453
3949 3439
3195 217
2437 845
3940 2155
795 1696
1693 3620
646 915
2437 3460
2862 2252
944 3864
161 727
1218 2150
2348 94
3306 978
2008 335
524 2440
868 2236
2837 2491
2854 1002
1949 3720
1269 77
3964 1572
3524 2513
7 3466
259 3232
33 687
187 2378
2969 3385
2502 1612
3098 2299
447 3830
3799 1369
1859 3864
3539 3341
1157 3288
810 1249
163 2526
2002 923
3640 3106
124 1608
2830 2293
965 2414
959 3731
726 812
753 2998
2397 2879
2151 1985
3563 887
959 2843
2464 2927
2159 2336
1609 3245
809 1785
2579 1014
935 887
1373 2255
2514 1637
987 2112
1236 2101
3235 3379
1397 3675
3582 983
1428 615
1510 2562
51 2998
431 1655
1728 557
493 2428
1154 3887
3534 3662
1908 1824
739 3480
772 2026
2564 176
3632 2047
3761 1297
2426 423
2599 819
1930 3702
2654 3468
3055 446
2523 3380
3292 1845
1763 1464
490 217
417 3344
3629 2125
3873 1458
656 1342
1211 366
3209 1822
861 3693
1183 183
1037 3819
3501 2477
978 3404
3998 2108
3964 2845
3403 2500
2521 3636
3697 3958
784 1404
2039 904
1259 1999
2307 1623
3279 542
2982 3597
3630 1756
429 2294
3859 3371
1991 1995
2389 648
3350 2701
2322 134
3217 3355
2791 3863
3600 479
2037 806
2381 3284
2184 3237
1414 1853
3274 319
1022 835
564 2184
713 1123
1482 896
2868 70
1035 3939
1107 2340
3390 76
338 3603
1490 2736
2813 349
409 2889
3998 270
118 877
2921 2963
341 636
1152 2423
1761 1915
2296 2639
3604 2075
2005 364
1655 2418
669 1241
2663 2290
2512 1165
165 554
1149 2418
512 940
574 498
122 2965
3773 2102
3036 1903
2144 1097
740 192
1930 687
3855 266
963 1761
1861 457
345 2021
559 3384
1776 2815
2213 2957
1782 775
3658 3309
2306 2794
1314 562
2162 3702
399 2211
1375 3674
1385 435
1576 3809
267 3164
2612 3076
1182 1357
3520 3914
2155 1788
420 2664
468 3978
371 418
641 3712
2340 1654
315 3134
765 2724
3234 1676
1958 690
549 3606
3920 98
2728 1756
3666 1215
2084 2356
1068 1712
839 3062
1437 1948
332 1775
3765 2709
3424 244
183 3102
1340 1971
61 2471
3587 1361
3401 3807
826 1368
2804 2724
775 2259
807 1657
1251 901
3331 571
1923 3819
1747 2778
3389 1532
2014 1215
1423 964
480 636
1136 3157
122 3794
657 1311
685 670
2677 892
2683 323
3911 503
942 1915
501 638
3323 2539
1295 2756
2995 3193
1062 3579
3300 136
861 1157
2067 1142
2528 732
3264 3391
963 922
3067 2674
3608 505
740 351
1541 1221
1522 1295
3005 2813
384 3214
2837 783
3408 2257
399 3249
256 3089
3099 53
2467 365
3688 3315
2275 546
3945 3666
523 337
1105 3468
1738 2934
2166 3312
8 2120
1699 1905
397 659
2406 2737
2088 966
2331 3633
3759 94
1034 1345
2386 3748
1861 661
2725 539
907 2709
3904 3812
3757 1921
3028 3315
3155 2202
822 38
1947 3024
3568 2673
3763 1720
177 2305
2088 565
336 3883
2773 3983
2943 2535
2942 1101
2683 1290
1004 3127
3486 3190
954 3133
801 1417
3228 508
2085 2341
2444 2071
3834 1909
2194 2192
1701 325
2261 2813
527 2686
1172 1210
1738 3392
3444 2231
1213 10
3966 1359
215 812
3898 2036
656 2154
3824 523
93 3729
524 2911
3810 1808
711 759
3827 3008
1420 1101
3565 2489
2732 3824
459 1233
3192 324
592 461
2942 523
2599 2488
3040 1399
1810 830
3980 155
3097 1455
132 1243
81 3158
1582 2243
209 1055
2571 2831
190 209
2562 1726
787 1413
1235 55
473 2865
2869 3685
956 990
944 791
807 3087
1180 1720
922 1537
524 3327
849 3155
3558 2079
3772 2523
2090 2644
145 622
3906 3494
3930 3299
3906 1630
2510 3723
104 786
2039 2700
1205 2176
1063 38
1570 411
2499 480
57 3818
2391 2345
3081 3916
14 1320
3276 918
74 2637
2888 411
582 2426
1522 2248
558 2720
581 3742
2830 614
3316 2891
1737 3728
3150 3613
1041 1053
3165 1309
2853 209
3465 1284
585 1733
3046 1166
1572 2210
811 1896
287 44
437 390
2594 1593
2422 2963
2369 1592
1367 990
1201 3542
243 1503
205 776
1656 68
3875 1461
2903 1082
3517 317
2852 1648
3672 1778
1734 1539
589 2676
838 748
2881 3043
2674 3760
2394 2522
3354 155
849 2866
463 815
1556 2378
1603 1999
1111 1562
2357 1556
2121 3197
1861 1584
2263 1230
3420 3849
3201 2202
1685 1028
2715 3215
2839 3391
3451 3785
3764 3295
3283 2820
2784 1523
1620 1378
3844 413
1024 3693
385 2950
3577 1718
2604 3951
3266 1384
2758 3517
904 2978
2000 2212
1186 882
3607 283
2836 856
2862 2774
3496 3701
2050 2682
3922 343
1604 2356
1966 3828
3740 1541
1419 3663
369 3713
2888 973
2698 925
1941 2934
200 349
575 962
1979 589
566 1056
2773 2354
1014 1479
3701 2565
1580 2606
161 2761
451 2239
690 858
1562 1684
2294 1778
1576 3129
2076 1112
1447 3316
2080 3818
2186 1699
2600 3627
1531 1144
756 395
1939 1849
2490 3088
174 1756
888 560
2127 3115
3321 266
1260 2464
413 1519
1944 3434
1116 21
3529 3928
3479 3360
3016 3876
304 688
2135 2444
2213 3454
1875 441
2151 3060
3980 3182
301 335
1058 3026
3426 750
1466 697
1316 3022
1211 3344
3590 1060
1424 1300
654 3202
1631 2945
1503 3596
564 3789
255 1883
2694 600
3264 3997
2776 1705
3031 1896
2876 2886
1136 2262
997 3182
814 3704
11 947
134 305
1513 2655
1140 2035
1539 3274
323 3852
2177 2160
294 1657
3955 2102
645 2443
52 474
1107 2870
1004 3517
2122 3385
2816 3485
2491 3224
2810 513
631 2484
1518 1691
2675 2180
1955 786
2852 67
3483 658
1646 171
2415 3846
1478 3605
180 1359
1158 2757
3857 744
3660 1988
3563 3057
2126 2173
2732 1060
1888 2629
212 658
1548 1879
1976 2784
758 3373
3233 1181
287 52
1765 2268
2804 1248
2782 2555
3557 2604
3070 1308
1948 3775
557 732
2695 1330
1151 621
3084 1559
1927 121
3221 1515
142 98
793 2134
3555 861
604 2127
2024 1092
3570 99
171 2297
406 3135
2814 2644
3915 1089
491 1655
3579 3164
612 1157
1316 1496
1192 3028
1250 1739
2311 1430
2516 2295
3195 1934
2502 892
3841 2158
3337 2573
3247 2224
2204 819
2337 3212
1261 2507
2854 3810
552 2116
2916 3560
1821 1919
2089 768
3747 2137
3311 2942
231 2063
1954 1384
3363 3544
24 547
1199 2466
1916 1952
3102 1352
3112 2986
2578 2738
1372 2730
2438 2981
2397 672
2170 1393
1223 377
1011 1598
2400 2738
713 848
691 2475
970 605
1372 3417
2905 853
3813 763
1574 3979
2556 2541
2090 3640
2791 2737
1874 3124
1926 1291
2939 3858
388 2695
1032 193
1376 1581
2512 1929
3141 3722
334 3414
3573 2093
2011 1688
1775 709
3083 2380
1396 2622
429 994
575 2357
2941 246
2425 312
1431 3833
1774 1284
1043 3138
1933 1653
1981 553
3167 1273
2956 2815
2714 3554
1039 2295
3808 2606
2094 2419
2193 900
2696 530
3289 568
3331 353
1460 891
2507 2434
3887 880
1715 3272
3674 754
1016 3657
1271 839
2551 3463
389 1669
311 762
932 547
3139 2599
1372 316
2186 2730
531 505
1405 3565
2417 2885
2312 774
3534 1230
440 643
644 1397
2388 3762
405 2021
551 1859
2599 14
539 1268
3689 2947
1116 2414
1251 3945
1828 1302
2579 3080
829 1009
913 1493
1444 1163
9 699
1943 60
3672 1858
2005 640
2277 597
1547 1579
532 1583
375 852
1874 3509
1253 1455
135 2990
3731 3159
3588 2559
1832 2940
1751 3303
2138 3833
409 554
973 1498
957 378
3954 3574
3563 2984
1554 962
3046 747
2961 1758
3845 1909
2915 2887
628 1827
3369 3463
1198 1864
2102 1330
2735 1365
916 1678
3174 1577
1100 1912
3938 3647
1741 1309
3196 1968
1068 87
1220 172
3351 3788
333 3712
930 1033
3421 3934
2175 3493
1971 1564
3742 3574
2740 2935
2094 1654
1075 373
1997 2223
2535 2607
3248 1864
3195 3568
2672 542
3563 2618
3430 1824
2845 1768
2625 327
2137 565
931 3699
2356 520
3699 1479
3905 2849
2328 1358
3344 787
2029 2173
2126 443
3727 3881
355 65
3087 349
3709 2848
1939 279
3656 2908
3652 900
512 3235
1256 1038
2632 2486
1974 3958
676 1885
2965 282
1186 3837
3183 1975
2263 3294
869 1307
1324 2796
1506 282
1427 3807
1906 3237
2651 539
3715 2709
2801 3882
3622 3284
1331 2485
109 3043
1783 3218
1986 3969
381 848
1417 1577
1421 597
1118 2037
2145 1425
3221 3018
3876 1519
3804 1479
2264 1390
110 3947
379 1891
1745 637
1816 3578
3317 779
607 1923
913 3206
2993 3471
856 1225
1041 2783
1470 3564
916 1637
420 639
3054 3500
399 1031
3888 2681
3772 2255
3768 2260
47 3029
867 3322
857 1530
723 946
3123 246
1561 1500
2795 317
1910 1423
898 356
3096 663
348 1936
374 3436
3367 2626
953 2909
1202 1968
1567 639
1838 1113
1470 2123
2382 1120
2254 3247
449 1064
2902 3975
2578 1195
334 1513
3222 1009
3705 3549
26 1184
3301 3398
490 1740
2918 774
3098 67
1272 1842
1513 3048
3083 3059
820 2351
2349 3113
3567 1506
2069 2506
3417 3692
2205 961
1098 3767
2024 3625
1077 2450
483 2240
334 28
463 2207
62 573
453 1149
3290 2048
3493 1393
2439 1836
3552 16
3650 2401
1160 2681
3583 3697
2637 554
1448 2671
3072 849
2331 1842
3861 2015
1497 1454
2412 3950
3977 3002
1466 3248
3143 2191
1172 2546
1953 1211
1759 2449
511 798
1715 999
85 3576
2753 1432
1351 2229
3873 2529
1944 791
2521 3669
422 3628
3064 602
285 871
1042 2649
2995 3907
3630 3416
1957 1654
519 1248
3157 3807
2683 3886
63 1200
1915 3564
175 2707
3348 2655
2685 2624
1755 374
1314 3276
1017 3979
3876 994
1648 1002
159 2080
3411 1577
728 3610
2186 2826
3494 2786
1729 664
3503 2815
1840 3656
3628 2313
859 3514
1735 3206
975 398
3937 2604
332 1369
833 3790
347 95
1926 22
3776 179
2447 556
3088 2564
2503 1857
3117 3185
1946 1708
508 2566
2117 3496
813 3267
3591 3322
886 345
1075 1442
1820 1365
1585 2601
2495 783
1584 2603
3353 3366
1942 2418
927 3986
1257 1872
1936 2646
3492 3087
3952 3983
548 1363
2016 661
1440 3762
2732 1970
1983 3899
3131 2230
2312 1811
763 2649
927 3960
3403 3534
1269 41
3363 3692
3324 3206
2263 2714
2125 3260
3049 1066
3408 1052
195 3069
114 937
1039 1312
2656 3638
3905 2396
2619 3560
1900 1633
1404 3439
3743 2115
2698 1331
3994 3735
2732 2541
394 3229
1223 2253
115 2973
3930 715
1182 3326
2838 777
51 1404
1321 1829
1088 528
2216 2047
1205 2775
3912 2519
3694 2762
1933 1330
3004 3451
2484 1951
2484 1755
3870 125
606 3068
2805 3237
612 1187
3926 3637
3363 3957
2050 1053
2094 2931
473 2515
1968 1827
1324 1036
3798 2561
1436 3707
3842 2811
3338 655
2129 2873
2608 2737
1317 2342
3864 2044
17 3063
2777 3159
2406 2505
2667 1810
2803 2805
2677 1487
3484 2362
1628 900
1647 427
3471 1374
1119 3056
3061 3211
641 68
376 3984
352 778
2608 1157
3643 2500
5 346
175 1695
2632 2981
557 714
3566 1530
2543 3597
1251 792
2942 2950
3910 753
1609 356
3124 1753
3076 3063
3381 1926
3934 3967
2787 758
233 1308
3687 126
2020 176
2916 1752
3560 762
644 952
2484 1144
2448 3329
1982 2107
3749 2399
944 3996
1449 1390
3549 373
3987 3931
3136 2933
48 3089
1405 3078
2409 3924
1414 3211
3155 1794
882 3914
2013 1773
2105 72
1533 908
2640 2454
671 95
59 641
2874 3242
279 542
28 3304
2994 2338
3236 3961
876 1066
1029 2595
1039 1638
2534 3212
2277 1077
1212 1184
3490 1742
1767 786
670 238
3156 342
2805 3574
3309 3001
2641 3873
3460 1197
3865 537
2490 783
491 1239
3741 2720
1900 1959
118 3211
604 2525
761 402
2974 2229
1627 3062
2095 3105
3631 2164
2807 1609
1771 1099
3113 244
2215 354
2881 3659
1130 2812
192 2878
433 2247
2523 731
3468 316
1757 1455
3398 3499
413 3684
1464 3064
2445 2629
1505 3542
1934 60
2339 1509
3236 271
3865 3591
662 2930
1554 964
775 184
2420 2082
1938 1031
1032 2642
473 614
3204 2891
3581 150
285 2719
2664 2254
2956 2625
1696 2076
1012 3983
208 1785
1094 1056
1974 1410
830 530
583 172
211 1532
2089 2664
3520 2647
3407 3750
2556 2562
3930 3279
2143 86
1267 152
3660 2434
1248 3480
2036 882
928 926
3570 3393
483 2907
2617 3018
2845 1059
1462 1525
379 3438
3553 2119
3411 3484
3192 1046
2196 1018
3155 3067
1897 2860
3498 3955
545 767
583 1796
2102 643
3667 64
573 1325
2466 2911
1489 2516
998 2465
2505 2573
183 3872
3563 236
1760 437
148 1134
1331 1034
1538 3685
2604 2867
50 1989
305 2616
873 1781
2979 2429
1472 1592
3358 3169
3366 3619
1887 2987
3054 3858
405 3625
525 1788
2659 2428
857 1141
2665 2887
224 3739
2241 2220
1918 3268
2080 1406
1764 3849
3409 3662
2600 446
1954 990
3332 2917
2640 1899
222 2076
2582 1878
3020 1100
1359 3053
1895 2347
3678 3019
273 3263
2880 1546
2002 357
3510 525
2717 3312
3126 438
1405 1522
1030 2719
3783 3701
3888 3274
268 2283
243 907
1586 300
3601 1705
2386 1725
2715 66
1420 2360
3482 3257
3852 1015
2549 2597
295 2504
3332 2324
216 2047
2751 1386
3394 116
3023 3300
1901 3771
1274 2749
434 926
1154 1036
2628 1596
1205 3722
2895 2022
2449 1349
3002 1343
2854 2149
1334 2501
1817 3668
1254 972
3814 560
1145 2338
480 3201
114 409
1294 1917
922 1126
1722 832
174 1369
262 710
828 3404
1861 1898
1536 2207
2156 1255
397 556
1996 3430
1043 3851
1125 2143
3478 94
53 2700
496 1267
251 2122
2089 1076
3137 1727
210 2730
1283 168
1347 1197
2296 3300
2722 561
2556 793
2747 391
1581 3944
2522 1052
3356 2010
1172 2301
2868 820
2280 2266
80 3846
2351 232
3371 167
1953 2355
1826 258
688 134
1405 3292
2935 2593
2592 2639
3827 495
253 2796
3266 2702
2027 3771
3354 1380
2841 492
3385 3268
3297 3072
1545 2079
1595 1951
1904 444
1926 2477
1847 3693
2603 1479
1447 2933
577 2137
3869 275
3722 2182
1252 3577
2084 104
0 3876
2726 3182
2580 1306
1445 384
1366 312
2960 3618
632 2205
873 3548
1075 3042
2337 2537
3227 1080
3548 2966
2875 3625
1773 3971
372 394
1358 2269
2131 3020
2623 759
2213 2351
490 3123
2635 3494
1296 2334
2485 2266
1171 989
1449 2755
1041 3493
654 3164
514 1329
1438 3009
1572 2257
2459 3973
923 3697
221 2027
566 2684
2580 533
869 1350
1553 162
1219 517
239 1850
3705 1008
